0.000000000000000000e+00 0.000000000000000000e+00 0.000000000000000000e+00
6.006006006006005954e-03 0.000000000000000000e+00 0.000000000000000000e+00
1.201201201201201191e-02 0.000000000000000000e+00 0.000000000000000000e+00
1.801801801801801786e-02 0.000000000000000000e+00 0.000000000000000000e+00
2.402402402402402382e-02 0.000000000000000000e+00 0.000000000000000000e+00
3.003003003003002977e-02 0.000000000000000000e+00 0.000000000000000000e+00
3.603603603603603572e-02 0.000000000000000000e+00 0.000000000000000000e+00
4.204204204204203821e-02 0.000000000000000000e+00 0.000000000000000000e+00
4.804804804804804763e-02 0.000000000000000000e+00 0.000000000000000000e+00
5.405405405405405705e-02 0.000000000000000000e+00 0.000000000000000000e+00
6.006006006006005954e-02 0.000000000000000000e+00 0.000000000000000000e+00
6.606606606606606202e-02 0.000000000000000000e+00 0.000000000000000000e+00
7.207207207207207145e-02 0.000000000000000000e+00 0.000000000000000000e+00
7.807807807807808087e-02 0.000000000000000000e+00 0.000000000000000000e+00
8.408408408408407642e-02 0.000000000000000000e+00 0.000000000000000000e+00
9.009009009009008584e-02 0.000000000000000000e+00 0.000000000000000000e+00
9.609609609609609526e-02 0.000000000000000000e+00 0.000000000000000000e+00
1.021021021021021047e-01 0.000000000000000000e+00 0.000000000000000000e+00
1.081081081081081141e-01 0.000000000000000000e+00 0.000000000000000000e+00
1.141141141141141097e-01 0.000000000000000000e+00 0.000000000000000000e+00
1.201201201201201191e-01 0.000000000000000000e+00 0.000000000000000000e+00
1.261261261261261146e-01 0.000000000000000000e+00 0.000000000000000000e+00
1.321321321321321240e-01 1.912067287087126196e-09 0.000000000000000000e+00
1.381381381381381335e-01 0.000000000000000000e+00 0.000000000000000000e+00
1.441441441441441429e-01 2.663166176333488640e-08 0.000000000000000000e+00
1.501501501501501523e-01 0.000000000000000000e+00 0.000000000000000000e+00
1.561561561561561617e-01 3.709311973996238460e-07 0.000000000000000000e+00
1.621621621621621712e-01 0.000000000000000000e+00 0.000000000000000000e+00
1.681681681681681528e-01 5.166405101830758024e-06 0.000000000000000000e+00
1.741741741741741623e-01 0.000000000000000000e+00 0.000000000000000000e+00
1.801801801801801717e-01 7.195874022823101047e-05 0.000000000000000000e+00
1.861861861861861811e-01 0.000000000000000000e+00 0.000000000000000000e+00
1.921921921921921905e-01 1.002255958093467266e-03 0.000000000000000000e+00
1.981981981981981999e-01 0.000000000000000000e+00 0.000000000000000000e+00
2.042042042042042094e-01 1.399212775139131032e-02 0.000000000000000000e+00
2.102102102102102188e-01 5.404004154473237564e-01 0.000000000000000000e+00
2.162162162162162282e-01 5.427902926433831876e-01 1.695362051662628542e-09
2.222222222222222099e-01 5.638160383593218139e-01 0.000000000000000000e+00
2.282282282282282193e-01 5.790445039039964215e-01 2.361334720445360585e-08
2.342342342342342287e-01 5.950319016568215158e-01 0.000000000000000000e+00
2.402402402402402382e-01 6.100308628249626608e-01 3.288914988106932321e-07
2.462462462462462476e-01 6.245189822340172503e-01 0.000000000000000000e+00
2.522522522522522292e-01 6.383775814081108502e-01 4.580867636145105603e-06
2.582582582582582664e-01 6.516481114588204004e-01 0.000000000000000000e+00
2.642642642642642481e-01 6.643277784493933913e-01 6.380325540722087065e-05
2.702702702702702853e-01 6.764306390489396303e-01 0.000000000000000000e+00
2.762762762762762669e-01 6.879475925514524359e-01 9.172428475564624838e-04
2.822822822822823041e-01 6.989453171455238811e-01 7.039188560522637896e-03
2.882882882882882858e-01 7.092105328164749478e-01 4.130976120406652276e-03
2.942942942942942675e-01 7.195740134681065658e-01 2.511662170091530713e-03
3.003003003003003046e-01 7.269702755335708533e-01 9.850253085324216934e-05
3.063063063063062863e-01 7.428748114101402233e-01 1.489745208962138989e-04
3.123123123123123235e-01 7.244954671092470599e-01 0.000000000000000000e+00
3.183183183183183051e-01 8.498645401598929894e-01 1.265704474204527863e-01
3.243243243243243423e-01 1.020072736856885820e+00 1.339217232051476414e-01
3.303303303303303240e-01 9.974231282005799892e-01 1.295221487220389878e-01
3.363363363363363057e-01 1.018229929175755721e+00 1.319384136865706381e-01
3.423423423423423428e-01 1.154788359341694104e+00 1.192054154478476291e-01
3.483483483483483245e-01 1.165577921737198430e+00 1.644023230198911334e-01
3.543543543543543617e-01 1.178780158254783661e+00 2.830623515499149923e-01
3.603603603603603434e-01 1.190421641223103455e+00 2.715659552607958549e-01
3.663663663663663805e-01 1.201579713079751643e+00 2.824619406216811734e-01
3.723723723723723622e-01 1.211978366490474635e+00 2.872237050082796506e-01
3.783783783783783994e-01 1.221704223099463693e+00 2.934975597894174948e-01
3.843843843843843811e-01 1.230746738408983632e+00 2.992373132415852566e-01
3.903903903903903627e-01 1.239121403510560437e+00 3.049938720174999451e-01
3.963963963963963999e-01 1.246836733280600962e+00 3.106222523573054506e-01
4.024024024024023816e-01 1.253903111866721432e+00 3.161639337752147894e-01
4.084084084084084187e-01 1.260330422546827256e+00 3.216104331017364815e-01
4.144144144144144004e-01 1.266128682806456407e+00 3.269666546281280728e-01
4.204204204204204376e-01 1.271307874170322094e+00 3.322339154863540034e-01
4.264264264264264193e-01 1.275877987798810898e+00 3.374144939848038871e-01
4.324324324324324564e-01 1.279849012270438235e+00 3.425104108854601925e-01
4.384384384384384381e-01 1.283230936855529469e+00 3.475237559595061865e-01
4.444444444444444198e-01 1.286033750639040463e+00 3.524566004877314751e-01
4.504504504504504570e-01 1.288267442755597347e+00 3.573110207032993979e-01
4.564564564564564386e-01 1.289942002326516457e+00 3.620890915202708560e-01
4.624624624624624758e-01 1.291067418476680384e+00 3.667928881767431037e-01
4.684684684684684575e-01 1.291653680330016263e+00 3.714244859337705873e-01
4.744744744744744946e-01 1.291710777010706357e+00 3.759859596365427992e-01
4.804804804804804763e-01 1.291248697642867649e+00 3.804793857707520766e-01
4.864864864864864580e-01 1.290277431350630444e+00 3.849068346759438874e-01
4.924924924924924952e-01 1.288806967258124159e+00 3.892703996357469998e-01
4.984984984984984768e-01 1.286847294489478433e+00 3.935720883036071260e-01
5.045045045045044585e-01 1.284408402168821350e+00 3.978142279096165690e-01
5.105105105105105512e-01 1.281500279420282551e+00 4.019979530074639373e-01
5.165165165165165329e-01 1.278132915367991451e+00 4.061288492798077465e-01
5.225225225225225145e-01 1.274316299136075692e+00 4.101958905698289692e-01
5.285285285285284962e-01 1.270060419848666022e+00 4.142500469496505078e-01
5.345345345345344779e-01 1.265375266629889861e+00 4.181109154151030349e-01
5.405405405405405705e-01 1.260270828603877957e+00 4.224615890382462657e-01
5.465465465465465522e-01 1.254757094894759062e+00 4.247625496625148656e-01
5.525525525525525339e-01 1.248844054626661482e+00 4.356588863976352810e-01
5.585585585585585155e-01 1.242541696923714412e+00 4.479107221013301499e-01
5.645645645645646082e-01 1.235860010910047491e+00 4.489712298257797496e-01
5.705705705705705899e-01 1.228808985709789026e+00 4.526914042400790317e-01
5.765765765765765716e-01 1.221398610447068878e+00 4.560198576652435554e-01
5.825825825825825532e-01 1.213638874246016464e+00 4.597682550112868194e-01
5.885885885885885349e-01 1.205539766230759424e+00 4.637131593666816154e-01
5.945945945945946276e-01 1.197111275525427621e+00 4.679084885170666785e-01
6.006006006006006093e-01 1.188363391254150248e+00 4.723338432809575660e-01
6.066066066066065909e-01 1.179306102541056056e+00 4.769887376481944385e-01
6.126126126126125726e-01 1.169949398510275129e+00 4.818673498904426089e-01
6.186186186186186653e-01 1.160303268285934886e+00 4.869652879807439549e-01
6.246246246246246470e-01 1.150377700992165630e+00 4.922777768048100522e-01
6.306306306306306286e-01 1.140182685753095893e+00 4.978001438962936787e-01
6.366366366366366103e-01 1.129728211692855089e+00 5.035276892844144925e-01
6.426426426426425920e-01 1.119024267935572414e+00 5.094557203681830959e-01
6.486486486486486847e-01 1.108080843605375732e+00 5.155795425718806557e-01
6.546546546546546663e-01 1.096907927826395568e+00 5.218944618489147480e-01
6.606606606606606480e-01 1.085515509722760674e+00 5.283957840109149151e-01
6.666666666666666297e-01 1.073913578418600467e+00 5.350788149074993116e-01
6.726726726726726113e-01 1.062112123038040590e+00 5.419388603781076785e-01
6.786786786786787040e-01 1.050121132705224003e+00 5.489712262649064645e-01
6.846846846846846857e-01 1.037950596544224169e+00 5.561712184093314804e-01
6.906906906906906674e-01 1.025610503679384555e+00 5.635341426530147135e-01
6.966966966966966490e-01 1.013110843234032776e+00 5.710553048375355267e-01
7.027027027027027417e-01 1.000461604335284749e+00 5.787300108044877156e-01
7.087087087087087234e-01 9.876727760961239166e-01 5.865535663954603018e-01
7.147147147147147050e-01 9.747543476822789765e-01 5.945212774520438614e-01
7.207207207207206867e-01 9.617163080626228711e-01 6.026284498158291925e-01
7.267267267267266684e-01 9.485686469406647836e-01 6.108703893284063158e-01
7.327327327327327611e-01 9.353213503911370630e-01 6.192424018313664735e-01
7.387387387387387427e-01 9.219841750541519776e-01 6.277397931662989095e-01
7.447447447447447244e-01 9.085663795969518564e-01 6.363578691747946436e-01
7.507507507507507061e-01 8.950771637005571213e-01 6.450919356984440300e-01
7.567567567567567988e-01 8.815257256500728111e-01 6.539372985788376447e-01
7.627627627627627804e-01 8.679212641046396559e-01 6.628892636575653974e-01
7.687687687687687621e-01 8.542729776231759997e-01 6.719431367762188634e-01
7.747747747747747438e-01 8.405900647914534840e-01 6.810942237763851770e-01
7.807807807807807254e-01 8.268817241880485058e-01 6.903378304996653503e-01
7.867867867867868181e-01 8.131571543934660307e-01 6.996692627876123227e-01
7.927927927927927998e-01 7.994255539876945482e-01 7.090838264819554482e-01
7.987987987987987815e-01 7.856961215508608820e-01 7.185768274237652742e-01
8.048048048048047631e-01 7.719780556630533308e-01 7.281435714565743789e-01
8.108108108108108558e-01 7.582805549043724058e-01 7.377793644147236929e-01
8.168168168168168375e-01 7.446128178549145105e-01 7.474795121668607045e-01
8.228228228228228192e-01 7.309840430947762702e-01 7.572393204535964317e-01
8.288288288288288008e-01 7.174034292040566418e-01 7.670540954933795508e-01
8.348348348348347825e-01 7.038801747628512517e-01 7.769191417213476836e-01
8.408408408408408752e-01 6.904234783512581686e-01 7.868297702280464545e-01
8.468468468468468568e-01 6.770425385493749060e-01 7.967812672656988671e-01
8.528528528528528385e-01 6.637465539372984225e-01 8.067690091981648548e-01
8.588588588588588202e-01 6.505447230951262316e-01 8.167870691188194865e-01
8.648648648648649129e-01 6.374462446029552920e-01 8.268242588371836899e-01
8.708708708708708945e-01 6.244603170408828952e-01 8.368673984879984040e-01
8.768768768768768762e-01 6.115961389890069988e-01 8.469034109316910808e-01
8.828828828828828579e-01 5.988629090274242284e-01 8.569191883592192083e-01
8.888888888888888395e-01 5.862698257362322085e-01 8.669016311794015550e-01
8.948948948948949322e-01 5.738260876955278977e-01 8.768376375990860616e-01
9.009009009009009139e-01 5.615408934854088097e-01 8.867141064151372598e-01
9.069069069069068956e-01 5.494234416859726799e-01 8.965179362663254770e-01
9.129129129129128772e-01 5.374829308773154679e-01 9.062360258337825991e-01
9.189189189189188589e-01 5.257285596395386840e-01 9.158552737872895921e-01
9.249249249249249516e-01 5.141695265527237435e-01 9.253625787996686558e-01
9.309309309309309333e-01 5.028150301970268909e-01 9.347448395429268642e-01
9.369369369369369149e-01 4.916742691523262598e-01 9.439889546892900052e-01
9.429429429429428966e-01 4.807564419995383198e-01 9.530818229109252471e-01
9.489489489489489893e-01 4.700707473157003657e-01 9.620103428800160783e-01
9.549549549549549710e-01 4.596263836923310531e-01 9.707614132687408803e-01
9.609609609609609526e-01 4.494325496669036024e-01 9.793219327492790338e-01
9.669669669669669343e-01 4.394984439785890595e-01 9.876787999938093643e-01
9.729729729729729160e-01 4.298332646138150470e-01 9.958189136745175807e-01
9.789789789789790087e-01 4.204462123682823904e-01 1.003729172463558639e+00
9.849849849849849903e-01 4.113464775533439144e-01 1.011396475033204734e+00
9.909909909909909720e-01 4.025432895779714748e-01 1.018807720055288524e+00
9.969969969969969537e-01 3.940451753616255881e-01 1.025949806203284576e+00
1.003003003003003046e+00 3.858526580384094018e-01 1.032809632144541467e+00
1.009009009009008917e+00 3.779602478611227556e-01 1.039374096569266825e+00
1.015015015015015010e+00 3.703624053291846296e-01 1.045630098082357629e+00
1.021021021021021102e+00 3.630535628457940978e-01 1.051564535607096840e+00
1.027027027027026973e+00 3.560281603439139908e-01 1.057164306878532800e+00
1.033033033033033066e+00 3.492806357336707412e-01 1.062416314066267908e+00
1.039039039039038936e+00 3.428054274867716744e-01 1.067307442789921401e+00
1.045045045045045029e+00 3.365969738514392740e-01 1.071824640434489107e+00
1.051051051051051122e+00 3.306497134082506117e-01 1.075954749682605183e+00
1.057057057057056992e+00 3.249580836318532451e-01 1.079689501219949221e+00
1.063063063063063085e+00 3.195165260882570357e-01 1.083027343185901437e+00
1.069069069069068956e+00 3.143194670839505322e-01 1.085967590563065688e+00
1.075075075075075048e+00 3.093613888314959426e-01 1.088509453271466976e+00
1.081081081081081141e+00 3.046364549391391008e-01 1.090652071969835379e+00
1.087087087087087012e+00 3.001373686658032058e-01 1.092393526118367042e+00
1.093093093093093104e+00 2.958557768267151555e-01 1.093731347883476257e+00
1.099099099099099197e+00 2.917834036079345883e-01 1.094663053387759932e+00
1.105105105105105068e+00 2.879119448697467498e-01 1.095186162183089396e+00
1.111111111111111160e+00 2.842331040623048977e-01 1.095298193008969800e+00
1.117117117117117031e+00 2.807385826020639130e-01 1.094996664424287669e+00
1.123123123123123124e+00 2.774200824504057250e-01 1.094279096522775996e+00
1.129129129129129216e+00 2.742693054227001714e-01 1.093143003439393635e+00
1.135135135135135087e+00 2.712779533734407944e-01 1.091585921609353749e+00
1.141141141141141180e+00 2.684377281466375775e-01 1.089605310260002069e+00
1.147147147147147050e+00 2.657403315891099793e-01 1.087201155870509695e+00
1.153153153153153143e+00 2.631774655469243940e-01 1.084381380184013866e+00
1.159159159159159236e+00 2.607408318663487767e-01 1.081155842360157271e+00
1.165165165165165106e+00 2.584221323935999015e-01 1.077534330486149550e+00
1.171171171171171199e+00 2.562130689748959855e-01 1.073526652176297613e+00
1.177177177177177070e+00 2.541053434565004876e-01 1.069142609812639089e+00
1.183183183183183163e+00 2.520906576844962332e-01 1.064392007179192134e+00
1.189189189189189255e+00 2.501607135056413411e-01 1.059284647684317404e+00
1.195195195195195126e+00 2.483072127641745841e-01 1.053830334837031923e+00
1.201201201201201219e+00 2.465218573137366309e-01 1.048038872119381626e+00
1.207207207207207089e+00 2.447963489728792741e-01 1.041920063020639553e+00
1.213213213213213182e+00 2.431223896911091642e-01 1.035483711028142739e+00
1.219219219219219275e+00 2.414916809292011746e-01 1.028739619629744917e+00
1.225225225225225145e+00 2.398959259716263170e-01 1.021697592313168812e+00
1.231231231231231238e+00 2.383268120951023972e-01 1.014367432566145588e+00
1.237237237237237331e+00 2.367755443239160373e-01 1.006758943876499224e+00
1.243243243243243201e+00 2.352326385144076493e-01 9.988819297316798851e-01
1.249249249249249294e+00 2.336885671545332888e-01 9.907461936205381736e-01
1.255255255255255165e+00 2.321337990660458095e-01 9.823615390266952074e-01
1.261261261261261257e+00 2.305607500328119008e-01 9.737377694532939332e-01
1.267267267267267350e+00 2.289689175069689886e-01 9.648846883306110289e-01
1.273273273273273221e+00 2.273594168104473845e-01 9.558120993608725247e-01
1.279279279279279313e+00 2.257333619734840646e-01 9.465298052313750876e-01
1.285285285285285184e+00 2.240918673726950416e-01 9.370476124171789323e-01
1.291291291291291277e+00 2.224360472918840426e-01 9.273753132572238878e-01
1.297297297297297369e+00 2.207670160397240955e-01 9.175227514569948006e-01
1.303303303303303240e+00 2.190858879182243646e-01 9.074994649181042927e-01
1.309309309309309333e+00 2.173937772311793082e-01 8.973138134610784133e-01
1.315315315315315203e+00 2.156917982819055724e-01 8.869734033489680147e-01
1.321321321321321296e+00 2.139810653738473956e-01 8.764859079744845571e-01
1.327327327327327389e+00 2.122626928104148769e-01 8.658589806962092572e-01
1.333333333333333259e+00 2.105377948950276357e-01 8.551002713000226407e-01
1.339339339339339352e+00 2.088074859311021547e-01 8.442174635977968133e-01
1.345345345345345223e+00 2.070728802220563325e-01 8.332180625784527672e-01
1.351351351351351315e+00 2.053350920713072625e-01 8.221083842548259080e-01
1.357357357357357408e+00 2.035952357822723990e-01 8.108935962273818854e-01
1.363363363363363279e+00 2.018544256583692798e-01 7.995789098684571439e-01
1.369369369369369371e+00 2.001137760030149149e-01 7.881695118671500078e-01
1.375375375375375464e+00 1.983744011196272861e-01 7.766705955263994987e-01
1.381381381381381335e+00 1.966374153116225432e-01 7.650873523770237439e-01
1.387387387387387427e+00 1.949039328824223594e-01 7.534249744244847502e-01
1.393393393393393298e+00 1.931750681354278409e-01 7.416886535477830167e-01
1.399399399399399391e+00 1.914519353741179764e-01 7.298835816571294099e-01
1.405405405405405483e+00 1.897356489016789605e-01 7.180149506643489499e-01
1.411411411411411354e+00 1.880273230223918901e-01 7.060879524436023402e-01
1.417417417417417447e+00 1.863280720364509646e-01 6.941077790180949503e-01
1.423423423423423317e+00 1.846390102593019888e-01 6.820796218525156940e-01
1.429429429429429410e+00 1.829612519494719924e-01 6.700086759979219098e-01
1.435435435435435503e+00 1.812959115779113339e-01 6.579006770068175358e-01
1.441441441441441373e+00 1.796441028227959702e-01 6.457626660132518293e-01
1.447447447447447466e+00 1.780069423209762469e-01 6.336018702534932379e-01
1.453453453453453337e+00 1.763855357222247067e-01 6.214255230055441004e-01
1.459459459459459429e+00 1.747810536191394259e-01 6.092408442804088109e-01
1.465465465465465522e+00 1.731952100448813092e-01 5.970557708479629078e-01
1.471471471471471393e+00 1.716302310230517769e-01 5.848798328169324545e-01
1.477477477477477485e+00 1.700883331383197805e-01 5.727228249463439669e-01
1.483483483483483578e+00 1.685717410723761855e-01 5.605945309642315078e-01
1.489489489489489449e+00 1.670826773698911860e-01 5.485047375708044237e-01
1.495495495495495542e+00 1.656233650265957480e-01 5.364632306687905361e-01
1.501501501501501412e+00 1.641960273709978380e-01 5.244797963786650419e-01
1.507507507507507505e+00 1.628028859494375369e-01 5.125642207473989354e-01
1.513513513513513598e+00 1.614461691020665501e-01 5.007262898982239863e-01
1.519519519519519468e+00 1.601280417348406038e-01 4.889757897228413364e-01
1.525525525525525561e+00 1.588492756662139849e-01 4.773225069628121986e-01
1.531531531531531432e+00 1.576089277117015963e-01 4.657762251917896834e-01
1.537537537537537524e+00 1.564059776020041148e-01 4.543467398051975192e-01
1.543543543543543617e+00 1.552393974847412206e-01 4.430438020792796250e-01
1.549549549549549488e+00 1.541081615394129523e-01 4.318772770162990771e-01
1.555555555555555580e+00 1.530112434010784950e-01 4.208547184290627463e-01
1.561561561561561451e+00 1.519476168506797842e-01 4.099801574753073607e-01
1.567567567567567544e+00 1.509162556300694957e-01 3.992569966482630295e-01
1.573573573573573636e+00 1.499161334915740384e-01 3.886887235393347573e-01
1.579579579579579507e+00 1.489462241847137325e-01 3.782788026579841367e-01
1.585585585585585600e+00 1.480055014597605745e-01 3.680307046984599428e-01
1.591591591591591470e+00 1.470929390667851666e-01 3.579478986978032462e-01
1.597597597597597563e+00 1.462075107559120957e-01 3.480338541371005290e-01
1.603603603603603656e+00 1.453481902772514878e-01 3.382920403784586694e-01
1.609609609609609526e+00 1.445139513809173548e-01 3.287259268158647663e-01
1.615615615615615619e+00 1.437037678170227373e-01 3.193389828347626413e-01
1.621621621621621712e+00 1.429166133356804258e-01 3.101346778228861734e-01
1.627627627627627582e+00 1.421514616870055425e-01 3.011164811673561759e-01
1.633633633633633675e+00 1.414072866211037727e-01 2.922878622554548333e-01
1.639639639639639546e+00 1.406830618881162731e-01 2.836522904744271378e-01
1.645645645645645638e+00 1.399777612380519454e-01 2.752132352115114755e-01
1.651651651651651731e+00 1.392903584214130186e-01 2.669741658540071283e-01
1.657657657657657602e+00 1.386198271868607779e-01 2.589385517889771227e-01
1.663663663663663694e+00 1.379651412899272067e-01 2.511098624043698879e-01
1.669669669669669565e+00 1.373252744605028552e-01 2.434915670848241120e-01
1.675675675675675658e+00 1.366992005517065623e-01 2.360871352273357371e-01
1.681681681681681750e+00 1.360859045210368046e-01 2.289000361827808194e-01
1.687687687687687621e+00 1.354843977023857116e-01 2.219337394741580649e-01
1.693693693693693714e+00 1.348936950091041420e-01 2.151917139820960501e-01
1.699699699699699584e+00 1.343128114083021463e-01 2.086774309845774722e-01
1.705705705705705677e+00 1.337407618526847974e-01 2.023943528125418945e-01
1.711711711711711770e+00 1.331765612988177749e-01 1.963459751674546949e-01
1.717717717717717640e+00 1.326192247022297821e-01 1.905356512152769355e-01
1.723723723723723733e+00 1.320677670187374309e-01 1.849633557050359423e-01
1.729729729729729826e+00 1.315212032040414258e-01 1.796229057028317644e-01
1.735735735735735696e+00 1.309785482140186919e-01 1.745076726479686258e-01
1.741741741741741789e+00 1.304388170039575690e-01 1.696109787369681210e-01
1.747747747747747660e+00 1.299010245313235723e-01 1.649261593594985031e-01
1.753753753753753752e+00 1.293641857454632671e-01 1.604465463754250754e-01
1.759759759759759845e+00 1.288273156260211216e-01 1.561654725706754510e-01
1.765765765765765716e+00 1.282894290395686920e-01 1.520762705567344220e-01
1.771771771771771808e+00 1.277495412746719738e-01 1.481722727167944509e-01
1.777777777777777679e+00 1.272066660489094003e-01 1.444468125216603893e-01
1.783783783783783772e+00 1.266598943894607920e-01 1.408932193199804728e-01
1.789789789789789864e+00 1.261087879612741436e-01 1.375048378614145694e-01
1.795795795795795735e+00 1.255531026113872184e-01 1.342749564093351500e-01
1.801801801801801828e+00 1.249925925474347777e-01 1.311971897097529705e-01
1.807807807807807698e+00 1.244270126431211154e-01 1.282666925430639981e-01
1.813813813813813791e+00 1.238561175956030963e-01 1.254797341096391960e-01
1.819819819819819884e+00 1.232796621421571731e-01 1.228325060264584406e-01
1.825825825825825754e+00 1.226974010361292777e-01 1.203212266608091469e-01
1.831831831831831847e+00 1.221090889264682816e-01 1.179421148547478149e-01
1.837837837837837718e+00 1.215144873394287117e-01 1.156913633495879473e-01
1.843843843843843811e+00 1.209135707498566747e-01 1.135653899165832564e-01
1.849849849849849903e+00 1.203065691120973196e-01 1.115600850208231937e-01
1.855855855855855774e+00 1.196937270165216588e-01 1.096706974974878124e-01
1.861861861861861867e+00 1.190752891791269502e-01 1.078924224415567235e-01
1.867867867867867959e+00 1.184515002822490587e-01 1.062204661357484398e-01
1.873873873873873830e+00 1.178226050172435924e-01 1.046500318641444965e-01
1.879879879879879923e+00 1.171888480730490789e-01 1.031763237143086265e-01
1.885885885885885793e+00 1.165504741392518612e-01 1.017945455585123338e-01
1.891891891891891886e+00 1.159077279052645737e-01 1.004999013267144636e-01
1.897897897897897979e+00 1.152608540605464249e-01 9.928759493341660081e-02
1.903903903903903849e+00 1.146100972945442720e-01 9.815283029726208641e-02
1.909909909909909942e+00 1.139557022967081501e-01 9.709081133578444101e-02
1.915915915915915813e+00 1.132979137564873451e-01 9.609674196681439184e-02
1.921921921921921905e+00 1.126369763633311427e-01 9.516582610810399301e-02
1.927927927927927998e+00 1.119731348066889676e-01 9.429326767742249316e-02
1.933933933933933869e+00 1.113066337760103969e-01 9.347427059254970194e-02
1.939939939939939961e+00 1.106377179607445638e-01 9.270403877120542147e-02
1.945945945945945832e+00 1.099666320503410316e-01 9.197777613133888142e-02
1.951951951951951925e+00 1.092936207342491417e-01 9.129068659004174746e-02
1.957957957957958017e+00 1.086189287019182909e-01 9.063797406760637498e-02
1.963963963963963888e+00 1.079428006427978204e-01 9.001484247238061842e-02
1.969969969969969981e+00 1.072654812463371826e-01 8.941649575728895238e-02
1.975975975975975851e+00 1.065872152019857327e-01 8.883813770889364969e-02
1.981981981981981944e+00 1.059082471991931451e-01 8.827497273462987792e-02
1.987987987987988037e+00 1.052288219274075121e-01 8.772220292480292780e-02
1.993993993993993907e+00 1.045491840760831292e-01 8.717503901736498029e-02
2.000000000000000000e+00 1.038695783346511303e-01 8.662865954356072096e-02
2.006006006006006093e+00 1.031902493926289271e-01 8.607839433999917023e-02
2.012012012012012185e+00 1.025114419392122306e-01 8.552152964054332562e-02
2.018018018018017834e+00 1.018334006647971662e-01 8.495801346218768979e-02
2.024024024024023927e+00 1.011563702552998184e-01 8.438785154480747674e-02
2.030030030030030019e+00 1.004805954133562440e-01 8.381108369764068977e-02
2.036036036036036112e+00 9.980632077920745249e-02 8.322774050789319422e-02
2.042042042042042205e+00 9.913379132318299314e-02 8.263785538153667343e-02
2.048048048048047853e+00 9.846326972413278755e-02 8.204145995319676865e-02
2.054054054054053946e+00 9.779505446328756735e-02 8.143860110699970012e-02
2.060060060060060039e+00 9.712944785518580482e-02 8.082935123795438603e-02
2.066066066066066131e+00 9.646675232491196128e-02 8.021378869167647419e-02
2.072072072072072224e+00 9.580727026792872081e-02 7.959199095955780956e-02
2.078078078078077873e+00 9.515130408763991521e-02 7.896403576704590088e-02
2.084084084084083965e+00 9.449915618530690953e-02 7.833000077687303497e-02
2.090090090090090058e+00 9.385112896281916361e-02 7.768996366857620905e-02
2.096096096096096151e+00 9.320752482169625264e-02 7.704400211718952229e-02
2.102102102102102243e+00 9.256864616430954262e-02 7.639219379895362261e-02
2.108108108108107892e+00 9.193479538999341227e-02 7.573461638978597199e-02
2.114114114114113985e+00 9.130627490937791302e-02 7.507134756569042167e-02
2.120120120120120077e+00 9.068338709141614273e-02 7.440246500264782736e-02
2.126126126126126170e+00 9.006645003248138492e-02 7.372804637664515104e-02
2.132132132132132263e+00 8.945584522031972685e-02 7.304816936366773095e-02
2.138138138138137911e+00 8.885197037981062973e-02 7.236291163970139106e-02
2.144144144144144004e+00 8.825522319370943114e-02 7.167235088073177496e-02
2.150150150150150097e+00 8.766600135625432499e-02 7.097656476274420700e-02
2.156156156156156189e+00 8.708470255863305642e-02 7.027563096172616264e-02
2.162162162162162282e+00 8.651172449275253140e-02 6.956962715365638816e-02
2.168168168168167931e+00 8.594746485069321151e-02 6.885863101454661739e-02
2.174174174174174023e+00 8.539232132312217505e-02 6.814272022028534936e-02
2.180180180180180116e+00 8.484669160618624195e-02 6.742197244722065996e-02
2.186186186186186209e+00 8.431097337552714843e-02 6.669646536998610764e-02
2.192192192192192302e+00 8.378556438332722400e-02 6.596627666961324410e-02
2.198198198198198394e+00 8.327086209611103684e-02 6.523148400325659568e-02
2.204204204204204043e+00 8.276726504649399574e-02 6.449216511718050548e-02
2.210210210210210136e+00 8.227516778838593614e-02 6.374839742508751905e-02
2.216216216216216228e+00 8.179497432630486453e-02 6.300025958181672270e-02
2.222222222222222321e+00 8.132684199737995334e-02 6.224782610149318107e-02
2.228228228228228414e+00 8.087055464936969418e-02 6.149142257229438246e-02
2.234234234234234062e+00 8.042583642431773427e-02 6.073212991874047534e-02
2.240240240240240155e+00 7.999241879542946798e-02 5.997118978733757821e-02
2.246246246246246248e+00 7.957003125354794593e-02 5.920984016607625661e-02
2.252252252252252340e+00 7.915840382068867198e-02 5.844932003738237403e-02
2.258258258258258433e+00 7.875726637653983342e-02 5.769086810411607619e-02
2.264264264264264082e+00 7.836634883892611148e-02 5.693572319296474199e-02
2.270270270270270174e+00 7.798538111545351426e-02 5.618512391487281987e-02
2.276276276276276267e+00 7.761409311646622067e-02 5.544030961992876816e-02
2.282282282282282360e+00 7.725221475157460771e-02 5.470251691738828304e-02
2.288288288288288452e+00 7.689947593058582553e-02 5.397299259341555022e-02
2.294294294294294101e+00 7.655560656325419155e-02 5.325292630386554288e-02
2.300300300300300194e+00 7.622033655934810914e-02 5.254299626228237097e-02
2.306306306306306286e+00 7.589339582863241507e-02 5.184334640512341941e-02
2.312312312312312379e+00 7.557451428087270939e-02 5.115410800348154513e-02
2.318318318318318472e+00 7.526342182583450890e-02 5.047540542530212782e-02
2.324324324324324120e+00 7.495984837328330264e-02 4.980736389126765029e-02
2.330330330330330213e+00 7.466352383298452411e-02 4.915011144908128932e-02
2.336336336336336306e+00 7.437417811470374562e-02 4.850375986713802157e-02
2.342342342342342398e+00 7.409154112820645621e-02 4.786830676947836927e-02
2.348348348348348491e+00 7.381534278325811715e-02 4.724363616323218329e-02
2.354354354354354140e+00 7.354531298962430075e-02 4.662963586597138055e-02
2.360360360360360232e+00 7.328118165707039888e-02 4.602619133275977908e-02
2.366366366366366325e+00 7.302267869536201161e-02 4.543318865169359427e-02
2.372372372372372418e+00 7.276953401426457246e-02 4.485051374124828655e-02
2.378378378378378510e+00 7.252147752354357046e-02 4.427805256534923795e-02
2.384384384384384159e+00 7.227823913296457792e-02 4.371569107574351659e-02
2.390390390390390252e+00 7.203954875229300059e-02 4.316331522744124710e-02
2.396396396396396344e+00 7.180513629129439690e-02 4.262081097457837836e-02
2.402402402402402437e+00 7.157473165973424201e-02 4.208806427152498447e-02
2.408408408408408530e+00 7.134806476737803882e-02 4.156496107258845357e-02
2.414414414414414178e+00 7.112486552399131801e-02 4.105138733209300755e-02
2.420420420420420271e+00 7.090486383933954084e-02 4.054722900435823313e-02
2.426426426426426364e+00 7.068778962318819636e-02 4.005237204370509785e-02
2.432432432432432456e+00 7.047337278530280136e-02 3.956670240445406272e-02
2.438438438438438549e+00 7.026134323544878935e-02 3.909010604092590796e-02
2.444444444444444642e+00 7.005143088339201018e-02 3.862246890744115702e-02
2.450450450450450290e+00 6.984336563889645411e-02 3.816367695832049989e-02
2.456456456456456383e+00 6.963687741173341106e-02 3.771361614788452943e-02
2.462462462462462476e+00 6.943169611164690114e-02 3.727217243045386624e-02
2.468468468468468568e+00 6.922755164848221066e-02 3.683923176034915176e-02
2.474474474474474661e+00 6.902417393170730275e-02 3.641468009189103433e-02
2.480480480480480310e+00 6.882129287219806990e-02 3.599840337940012069e-02
2.486486486486486402e+00 6.861863837557598267e-02 3.559028757719704533e-02
2.492492492492492495e+00 6.841594036707211723e-02 3.519021863960242191e-02
2.498498498498498588e+00 6.821292869873368803e-02 3.479808252093691268e-02
2.504504504504504681e+00 6.800933349573383413e-02 3.441376517552109660e-02
2.510510510510510329e+00 6.780488386392598266e-02 3.403715255767567754e-02
2.516516516516516422e+00 6.759931271331598435e-02 3.366813062172122756e-02
2.522522522522522515e+00 6.739233875661994333e-02 3.330658532197838112e-02
2.528528528528528607e+00 6.718373369156073471e-02 3.295240261276766169e-02
2.534534534534534700e+00 6.697307147312374365e-02 3.260546844841023806e-02
2.540540540540540349e+00 6.676066404223754414e-02 3.226566878322471160e-02
2.546546546546546441e+00 6.654406913879536145e-02 3.193288957153941898e-02
2.552552552552552534e+00 6.633112332088859919e-02 3.160701676764589990e-02
2.558558558558558627e+00 6.609126714088804644e-02 3.128793632597360458e-02
2.564564564564564719e+00 6.530043350610049979e-02 3.097553420043693689e-02
2.570570570570570368e+00 6.503994362510680249e-02 3.066969634687254434e-02
2.576576576576576461e+00 6.475371663557082103e-02 3.037030871394333711e-02
2.582582582582582553e+00 6.446674815683096915e-02 3.007725727708457711e-02
2.588588588588588646e+00 6.417202498823158796e-02 2.979042791181627306e-02
2.594594594594594739e+00 6.387110109613447495e-02 2.950970686654681360e-02
2.600600600600600387e+00 6.356334373210770217e-02 2.923497899804651176e-02
2.606606606606606480e+00 6.324895156140231123e-02 2.896612406051208080e-02
2.612612612612612573e+00 6.292802004399644655e-02 2.870283689267272287e-02
2.618618618618618665e+00 6.260068021342808653e-02 2.844465217693086315e-02
2.624624624624624758e+00 6.226705365540780718e-02 2.819109455386447846e-02
2.630630630630630407e+00 6.192726448718392090e-02 2.794169005473804562e-02
2.636636636636636499e+00 6.158143614768114144e-02 2.769596433783506201e-02
2.642642642642642592e+00 6.122969225758056327e-02 2.745344316137907775e-02
2.648648648648648685e+00 6.087215638886173813e-02 2.721365225681473404e-02
2.654654654654654777e+00 6.050895212655380689e-02 2.697611736276209204e-02
2.660660660660660426e+00 6.014020305218930468e-02 2.674036421591848359e-02
2.666666666666666519e+00 5.976603274823755890e-02 2.650591855349678297e-02
2.672672672672672611e+00 5.938656479691695189e-02 2.627230611257024701e-02
2.678678678678678704e+00 5.900192278051312467e-02 2.603905263025529243e-02
2.684684684684684797e+00 5.861223028129372570e-02 2.580568384363514725e-02
2.690690690690690445e+00 5.821761088153118435e-02 2.557172548988270039e-02
2.696696696696696538e+00 5.781818816349659773e-02 2.533670330584543440e-02
2.702702702702702631e+00 5.741408570946147233e-02 2.510014302958257434e-02
2.708708708708708723e+00 5.700542710169723831e-02 2.486157039463207305e-02
2.714714714714714816e+00 5.659233592247530503e-02 2.462051115140505980e-02
2.720720720720720909e+00 5.617493575406706796e-02 2.437649098734131006e-02
2.726726726726726557e+00 5.575335017874399890e-02 2.412903582489277568e-02
2.732732732732732650e+00 5.532770277877743781e-02 2.387767070943408454e-02
2.738738738738738743e+00 5.489811713643882873e-02 2.362192395963700481e-02
2.744744744744744835e+00 5.446471683399962960e-02 2.336131167806198422e-02
2.750750750750750928e+00 5.402762545373122893e-02 2.309539555841769870e-02
2.756756756756756577e+00 5.358696657790507079e-02 2.282356714593119715e-02
2.762762762762762669e+00 5.314286378879255063e-02 2.254585298860782919e-02
2.768768768768768762e+00 5.269544066866505005e-02 2.225990977182137551e-02
2.774774774774774855e+00 5.224482079979404087e-02 2.197223862869351896e-02
2.780780780780780947e+00 5.179112776445090466e-02 2.165633276398599288e-02
2.786786786786786596e+00 5.133448514490712017e-02 2.140887264815233629e-02
2.792792792792792689e+00 5.087501652343403430e-02 2.082160611113002824e-02
2.798798798798798781e+00 5.041284548230309803e-02 2.014375663643330414e-02
2.804804804804804874e+00 4.994809560378572072e-02 1.986386428560665482e-02
2.810810810810810967e+00 4.948089047015333947e-02 1.948819342195822965e-02
2.816816816816816615e+00 4.901135366367737056e-02 1.912527305796479435e-02
2.822822822822822708e+00 4.853960876662917479e-02 1.874546874397777646e-02
2.828828828828828801e+00 4.806577936128025169e-02 1.835604840116410175e-02
2.834834834834834894e+00 4.758998902990195512e-02 1.795484552447014145e-02
2.840840840840840986e+00 4.711236135476574993e-02 1.754063061735667076e-02
2.846846846846846635e+00 4.663301991814303854e-02 1.711804358452186439e-02
2.852852852852852727e+00 4.615208830230522336e-02 1.666739106653791422e-02
2.858858858858858820e+00 4.566969008952372067e-02 1.626045032448297789e-02
2.864864864864864913e+00 4.518594886206997452e-02 1.562317501067357617e-02
2.870870870870871006e+00 4.470098820221538732e-02 1.422429192626311137e-02
2.876876876876876654e+00 4.421493169223141700e-02 1.412666174081650752e-02
2.882882882882882747e+00 4.372790291438940352e-02 1.388236479539897532e-02
2.888888888888888840e+00 4.324002545096081174e-02 1.367928536730984856e-02
2.894894894894894932e+00 4.275142288421700243e-02 1.346704934030269231e-02
2.900900900900901025e+00 4.226221879642961393e-02 1.325912374227164806e-02
2.906906906906906674e+00 4.177253676986933395e-02 1.305186941809447464e-02
2.912912912912912766e+00 4.128250038681034045e-02 1.284623080057374286e-02
2.918918918918918859e+00 4.079223322951347486e-02 1.264192415382916178e-02
2.924924924924924952e+00 4.030185888028981617e-02 1.243899482878710501e-02
2.930930930930931044e+00 3.981150092126271162e-02 1.223739999783017215e-02
2.936936936936936693e+00 3.932128293525631590e-02 1.203712046070939262e-02
2.942942942942942786e+00 3.883132850247923706e-02 1.183813068624586448e-02
2.948948948948948878e+00 3.834176121290109457e-02 1.164040683961183736e-02
2.954954954954954971e+00 3.785270462006342512e-02 1.144392463150504906e-02
2.960960960960961064e+00 3.736428241345896017e-02 1.124865989417007418e-02
2.966966966966967156e+00 3.687661777520381129e-02 1.105458842813865188e-02
2.972972972972972805e+00 3.638983565659914543e-02 1.086168603924709056e-02
2.978978978978978898e+00 3.590404801646693289e-02 1.066992854382618934e-02
2.984984984984984990e+00 3.541933378465363796e-02 1.047929171150748830e-02
2.990990990990991083e+00 3.493575748438855488e-02 1.028975789817294061e-02
2.996996996996997176e+00 3.445338547275689917e-02 1.010133696906401722e-02
3.003003003003002824e+00 3.397228357084988715e-02 9.914046290540358408e-03
3.009009009009008917e+00 3.349251774455520858e-02 9.727903179623931598e-03
3.015015015015015010e+00 3.301415389512615123e-02 9.542924967085619423e-03
3.021021021021021102e+00 3.253725761367210617e-02 9.359128980012332982e-03
3.027027027027027195e+00 3.206189424181327130e-02 9.176532546478061853e-03
3.033033033033032844e+00 3.158812911880974628e-02 8.995152994292337015e-03
3.039039039039038936e+00 3.111602758277902045e-02 8.815007651335519945e-03
3.045045045045045029e+00 3.064565497214481737e-02 8.636113845469013325e-03
3.051051051051051122e+00 3.017707662524881512e-02 8.458488904559300844e-03
3.057057057057057214e+00 2.971035788045459786e-02 8.282150156471497493e-03
3.063063063063062863e+00 2.924556407611998005e-02 8.107114929071098167e-03
3.069069069069068956e+00 2.878276055060421945e-02 7.933400550223467657e-03
3.075075075075075048e+00 2.832201264226624424e-02 7.761024347794029735e-03
3.081081081081081141e+00 2.786338568946507277e-02 7.590003649648186489e-03
3.087087087087087234e+00 2.740694503055969566e-02 7.420355783651347813e-03
3.093093093093092882e+00 2.695275600390913476e-02 7.252098077668930540e-03
3.099099099099098975e+00 2.650088394787230434e-02 7.085247859566315941e-03
3.105105105105105068e+00 2.605139420080825746e-02 6.919822457208922584e-03
3.111111111111111160e+00 2.560435210107596740e-02 6.755839198462158628e-03
3.117117117117117253e+00 2.515982298703442477e-02 6.593315411191427895e-03
3.123123123123122902e+00 2.471787219704266875e-02 6.432268423262148954e-03
3.129129129129128994e+00 2.427856506945960322e-02 6.272715562539705678e-03
3.135135135135135087e+00 2.384196694264427430e-02 6.114674156889520103e-03
3.141141141141141180e+00 2.340814315495564832e-02 5.958161534176991715e-03
3.147147147147147273e+00 2.297715904475275753e-02 5.803195022267525205e-03
3.153153153153152921e+00 2.254907995039458560e-02 5.649791949026546946e-03
3.159159159159159014e+00 2.212397121024007457e-02 5.497969642319433005e-03
3.165165165165165106e+00 2.170189816264826710e-02 5.347745430011608889e-03
3.171171171171171199e+00 2.128292614597811910e-02 5.199136639968471481e-03
3.177177177177177292e+00 2.086712049858864895e-02 5.052160600055434145e-03
3.183183183183182940e+00 2.045454655883887154e-02 4.906834638137909377e-03
3.189189189189189033e+00 2.004526966508771157e-02 4.763176082081281050e-03
3.195195195195195126e+00 1.963935515569421517e-02 4.621202259750976406e-03
3.201201201201201219e+00 1.923686836901735212e-02 4.480930499012388858e-03
3.207207207207207311e+00 1.883787464341610957e-02 4.342378127730932638e-03
3.213213213213213404e+00 1.844243931724949201e-02 4.205562473772011568e-03
3.219219219219219053e+00 1.805062772887652128e-02 4.070500865001039012e-03
3.225225225225225145e+00 1.766250521665612902e-02 3.937210629283408383e-03
3.231231231231231238e+00 1.727813711894733012e-02 3.805709094484530011e-03
3.237237237237237331e+00 1.689758877410912907e-02 3.676013588469812920e-03
3.243243243243243423e+00 1.652092552050049915e-02 3.548141439104657464e-03
3.249249249249249072e+00 1.614821269648047952e-02 3.422109974254504763e-03
3.255255255255255165e+00 1.577951564040799837e-02 3.297936521784651520e-03
3.261261261261261257e+00 1.541489969064206537e-02 3.175638409560845466e-03
3.267267267267267350e+00 1.505443018554169544e-02 3.055232965447250530e-03
3.273273273273273443e+00 1.469817246346586184e-02 2.936737517313917859e-03
3.279279279279279091e+00 1.434619186277357773e-02 2.820169393008926158e-03
3.285285285285285184e+00 1.399855372182380597e-02 2.705545920462355813e-03
3.291291291291291277e+00 1.365532337897554932e-02 2.592884427298207829e-03
3.297297297297297369e+00 1.331656617258780186e-02 2.482202242282839384e-03
3.303303303303303462e+00 1.298234744101955072e-02 2.373516689919269711e-03
3.309309309309309111e+00 1.265273252262981776e-02 2.266845110621514090e-03
3.315315315315315203e+00 1.232778675577754675e-02 2.162204785422941131e-03
3.321321321321321296e+00 1.200757547882175952e-02 2.059613215464228559e-03
3.327327327327327389e+00 1.169216403012143454e-02 1.959086814911850747e-03
3.333333333333333481e+00 1.138161774803557284e-02 1.860634049735984761e-03
3.339339339339339130e+00 1.107600197092318585e-02 1.764255230160231966e-03
3.345345345345345223e+00 1.077538203714321907e-02 1.669950901411467728e-03
3.351351351351351315e+00 1.047982328505468914e-02 1.577721445034099227e-03
3.357357357357357408e+00 1.018939105301659015e-02 1.487567286431106884e-03
3.363363363363363501e+00 9.904150679387909231e-03 1.399488839253607529e-03
3.369369369369369149e+00 9.624167502527664758e-03 1.313486520301625129e-03
3.375375375375375242e+00 9.349506860794798771e-03 1.229560745531416751e-03
3.381381381381381335e+00 9.080234092548336577e-03 1.147711931125342671e-03
3.387387387387387427e+00 8.816414536147251443e-03 1.067940493205176864e-03
3.393393393393393520e+00 8.558113529950591228e-03 9.902468479089255454e-04
3.399399399399399169e+00 8.305396412317145316e-03 9.146314113702510738e-04
3.405405405405405261e+00 8.058328521606700559e-03 8.410945997239636538e-04
3.411411411411411354e+00 7.816975196175166701e-03 7.696368291045809721e-04
3.417417417417417447e+00 7.581401774393100625e-03 7.002585156466945493e-04
3.423423423423423539e+00 7.351673594576348635e-03 6.329600754848777999e-04
3.429429429429429188e+00 7.127855995244914040e-03 5.677419247537106436e-04
3.435435435435435281e+00 6.910014314156944296e-03 5.046044795877598814e-04
3.441441441441441373e+00 6.698213891913702353e-03 4.435481561216071135e-04
3.447447447447447466e+00 6.492520058505947371e-03 3.845733704898275434e-04
3.453453453453453559e+00 6.292998183515545810e-03 3.276805388269977298e-04
3.459459459459459651e+00 6.099713228813859883e-03 2.728700772676929303e-04
3.465465465465465300e+00 5.912720109561269560e-03 2.201424019464933357e-04
3.471471471471471393e+00 5.732061018431134324e-03 1.694979289979676714e-04
3.477477477477477485e+00 5.557777503307733021e-03 1.209370745566949355e-04
3.483483483483483578e+00 5.389911066217927677e-03 7.446025475725217462e-05
3.489489489489489671e+00 5.228503221476030020e-03 3.006788573421445335e-05
3.495495495495495319e+00 5.073595480103956779e-03 0.000000000000000000e+00
3.501501501501501412e+00 4.925229354005784474e-03 0.000000000000000000e+00
3.507507507507507505e+00 4.783446354849240495e-03 0.000000000000000000e+00
3.513513513513513598e+00 4.648287994365380045e-03 0.000000000000000000e+00
3.519519519519519690e+00 4.519795784268291865e-03 0.000000000000000000e+00
3.525525525525525339e+00 4.398011236276610537e-03 0.000000000000000000e+00
3.531531531531531432e+00 4.282975862107732921e-03 0.000000000000000000e+00
3.537537537537537524e+00 4.174731173479407156e-03 0.000000000000000000e+00
3.543543543543543617e+00 4.073318682109285972e-03 0.000000000000000000e+00
3.549549549549549710e+00 3.978779899715047252e-03 0.000000000000000000e+00
3.555555555555555358e+00 3.891156338014361508e-03 0.000000000000000000e+00
3.561561561561561451e+00 3.810489508724890576e-03 0.000000000000000000e+00
3.567567567567567544e+00 3.736820923564308870e-03 0.000000000000000000e+00
3.573573573573573636e+00 3.670192094250288202e-03 0.000000000000000000e+00
3.579579579579579729e+00 3.610644532500501252e-03 0.000000000000000000e+00
3.585585585585585378e+00 3.558219750032607254e-03 0.000000000000000000e+00
3.591591591591591470e+00 3.512959258564332665e-03 0.000000000000000000e+00
3.597597597597597563e+00 3.474904569813111639e-03 0.000000000000000000e+00
3.603603603603603656e+00 3.444097195497498962e-03 0.000000000000000000e+00
3.609609609609609748e+00 3.420578647331881314e-03 0.000000000000000000e+00
3.615615615615615397e+00 3.404390437046185026e-03 0.000000000000000000e+00
3.621621621621621490e+00 3.395574076312331616e-03 0.000000000000000000e+00
3.627627627627627582e+00 3.394171077018730883e-03 0.000000000000000000e+00
3.633633633633633675e+00 3.400222950245842136e-03 0.000000000000000000e+00
3.639639639639639768e+00 3.413771210089446614e-03 0.000000000000000000e+00
3.645645645645645416e+00 3.434857359391983982e-03 0.000000000000000000e+00
3.651651651651651509e+00 3.463522942993936104e-03 0.000000000000000000e+00
3.657657657657657602e+00 3.499809348996959363e-03 0.000000000000000000e+00
3.663663663663663694e+00 3.543758550459963786e-03 0.000000000000000000e+00
3.669669669669669787e+00 3.595410337351682018e-03 0.000000000000000000e+00
3.675675675675675436e+00 3.654812647044288279e-03 0.000000000000000000e+00
3.681681681681681528e+00 3.721983010386369604e-03 0.000000000000000000e+00
3.687687687687687621e+00 3.797052436917454886e-03 0.000000000000000000e+00
3.693693693693693714e+00 3.879728427936851576e-03 0.000000000000000000e+00
3.699699699699699806e+00 3.971299039013818401e-03 0.000000000000000000e+00
3.705705705705705455e+00 4.067153616878035199e-03 0.000000000000000000e+00
3.711711711711711548e+00 4.184695789347520067e-03 0.000000000000000000e+00
3.717717717717717640e+00 4.259170768726602829e-03 0.000000000000000000e+00
3.723723723723723733e+00 4.532443148285954411e-03 0.000000000000000000e+00
3.729729729729729826e+00 3.997107755079008611e-03 0.000000000000000000e+00
3.735735735735735918e+00 3.161142642233752756e-03 1.027115740584432200e-05
3.741741741741741567e+00 3.355980855356138076e-03 5.170629775015295258e-05
3.747747747747747660e+00 3.336140278465420453e-03 1.051583412675772790e-04
3.753753753753753752e+00 3.373600858756107927e-03 0.000000000000000000e+00
3.759759759759759845e+00 3.395465390438760171e-03 0.000000000000000000e+00
3.765765765765765938e+00 3.421246222353924952e-03 0.000000000000000000e+00
3.771771771771771586e+00 3.445694637806126937e-03 0.000000000000000000e+00
3.777777777777777679e+00 3.470196627614005949e-03 0.000000000000000000e+00
3.783783783783783772e+00 3.494360418075772960e-03 0.000000000000000000e+00
3.789789789789789864e+00 3.518270586057221840e-03 0.000000000000000000e+00
3.795795795795795957e+00 3.541884070674253260e-03 0.000000000000000000e+00
3.801801801801801606e+00 3.565192011474764729e-03 0.000000000000000000e+00
3.807807807807807698e+00 3.588176384028530976e-03 0.000000000000000000e+00
3.813813813813813791e+00 3.610821619385857009e-03 0.000000000000000000e+00
3.819819819819819884e+00 3.633111490653022184e-03 9.466196538780163015e-08
3.825825825825825977e+00 3.655029947231886421e-03 1.569948237489636246e-06
3.831831831831831625e+00 3.676560891286036886e-03 2.984752196235980852e-06
3.837837837837837718e+00 3.697688237636530869e-03 4.340042321921894195e-06
3.843843843843843811e+00 3.718395897712856082e-03 5.636701336550199930e-06
3.849849849849849903e+00 3.738667783853271993e-03 6.875635840421357666e-06
3.855855855855855996e+00 3.758487808152537538e-03 8.057746035665340326e-06
3.861861861861861644e+00 3.777839882770653301e-03 9.183933838796609495e-06
3.867867867867867737e+00 3.796707919850140795e-03 1.025510070696194746e-05
3.873873873873873830e+00 3.815075831538200513e-03 1.127214822039510449e-05
3.879879879879879923e+00 3.832927529980783513e-03 1.223597792634881749e-05
3.885885885885886015e+00 3.850246927324174791e-03 1.314749138091311293e-05
3.891891891891891664e+00 3.867017935714569133e-03 1.400759013780994524e-05
3.897897897897897757e+00 3.883224467298189951e-03 1.481717575139602518e-05
3.903903903903903849e+00 3.898850434221244610e-03 1.557714977585782684e-05
3.909909909909909942e+00 3.913879748629949147e-03 1.628841376542740482e-05
3.915915915915916035e+00 3.928296322670518301e-03 1.695186927432467915e-05
3.921921921921921683e+00 3.942084068489165941e-03 1.756841785677274115e-05
3.927927927927927776e+00 3.955226898232107671e-03 1.813896106699395367e-05
3.933933933933933869e+00 3.967708724045555628e-03 1.866440045921081173e-05
3.939939939939939961e+00 3.979513458075726283e-03 1.914563758764576288e-05
3.945945945945946054e+00 3.990625012468830904e-03 1.958357400652126147e-05
3.951951951951951703e+00 4.001027299371085096e-03 1.997911127005976185e-05
3.957957957957957795e+00 4.010704230928704463e-03 2.033315093248375225e-05
3.963963963963963888e+00 4.019639719287900273e-03 2.064659454801570393e-05
3.969969969969969981e+00 4.027817676594889866e-03 2.092034367087805094e-05
3.975975975975976073e+00 4.035222014995886244e-03 2.115529985529327470e-05
3.981981981981982166e+00 4.041836646637102411e-03 2.135236465548384652e-05
3.987987987987987815e+00 4.047645483664753102e-03 2.151243962567221056e-05
3.993993993993993907e+00 4.052632438225053924e-03 2.163642632008086521e-05
4.000000000000000000e+00 4.056781422464220480e-03 2.172522629293224450e-05
4.006006006006005649e+00 4.060076348528459701e-03 2.177974109844879261e-05
4.012012012012012185e+00 4.062501128563995000e-03 2.180087229085304179e-05
4.018018018018017834e+00 4.064039674717033306e-03 2.178952142436739898e-05
4.024024024024024371e+00 4.064675899133791959e-03 2.174659005321436932e-05
4.030030030030030019e+00 4.064393713960486564e-03 2.167297973161638684e-05
4.036036036036035668e+00 4.063177031343326653e-03 2.156959201379593977e-05
4.042042042042042205e+00 4.061009763428533037e-03 2.143732845397545533e-05
4.048048048048047853e+00 4.057875822362315248e-03 2.127709060637745226e-05
4.054054054054054390e+00 4.053759120290890625e-03 2.108978002522434762e-05
4.060060060060060039e+00 4.048643569360468701e-03 2.087629826473862626e-05
4.066066066066065687e+00 4.042513081717266817e-03 2.063754687914275268e-05
4.072072072072072224e+00 4.035351569507497106e-03 2.037442742265916089e-05
4.078078078078077873e+00 4.027142944877377777e-03 2.008784144951038318e-05
4.084084084084084409e+00 4.017871119973119229e-03 1.977869051391878240e-05
4.090090090090090058e+00 4.007520006940939669e-03 1.944787617010694503e-05
4.096096096096095707e+00 3.996073517927049498e-03 1.909629997229728477e-05
4.102102102102102243e+00 3.983515565077660851e-03 1.872486347471221191e-05
4.108108108108107892e+00 3.969830060538996272e-03 1.833446823157428921e-05
4.114114114114114429e+00 3.955000916457260957e-03 1.792601579710585921e-05
4.120120120120120077e+00 3.939012044978674847e-03 1.750040772552952873e-05
4.126126126126125726e+00 3.921847358249450945e-03 1.705854557106768773e-05
4.132132132132132263e+00 3.903490768415801820e-03 1.660133088794272618e-05
4.138138138138137911e+00 3.883926187623944377e-03 1.612966523037728816e-05
4.144144144144144448e+00 3.863137528020087717e-03 1.564445015259363151e-05
4.150150150150150097e+00 3.841108701750452215e-03 1.514658720881440199e-05
4.156156156156155745e+00 3.817823620961249137e-03 1.463697795326198789e-05
4.162162162162162282e+00 3.793266197798690620e-03 1.411652394015878256e-05
4.168168168168167931e+00 3.767420344408995737e-03 1.358612672372740636e-05
4.174174174174174468e+00 3.740269972938373155e-03 1.304668785819014594e-05
4.180180180180180116e+00 3.711798995533042381e-03 1.249910889776963519e-05
4.186186186186185765e+00 3.681991324339217719e-03 1.194429139668827256e-05
4.192192192192192302e+00 3.650830871503104365e-03 1.138313690916841923e-05
4.198198198198197950e+00 3.618301549170925297e-03 1.081654698943274468e-05
4.204204204204204487e+00 3.584387269488896553e-03 1.024542319170349828e-05
4.210210210210210136e+00 3.549071944603210751e-03 9.670667070203322409e-06
4.216216216216215784e+00 3.512339486660178041e-03 9.093180179154632451e-06
4.222222222222222321e+00 3.474173807805634555e-03 8.513864072779770941e-06
4.228228228228227970e+00 3.434558820187194519e-03 7.933620305301387042e-06
4.234234234234234506e+00 3.393478435945891918e-03 7.353350430941766538e-06
4.240240240240240155e+00 3.350916567247222942e-03 6.773956003923559439e-06
4.246246246246245803e+00 3.306857126165486330e-03 6.196338578469132844e-06
4.252252252252252340e+00 3.261284025115260277e-03 5.621399708800862323e-06
4.258258258258257989e+00 3.214181175241202608e-03 5.050040949141404663e-06
4.264264264264264526e+00 3.165532492427414798e-03 4.483163853713049883e-06
4.270270270270270174e+00 3.115321874870094661e-03 3.921669976738399710e-06
4.276276276276275823e+00 3.063533286777670849e-03 3.366460872439861057e-06
4.282282282282282360e+00 3.010150445997492909e-03 2.818438095039820927e-06
4.288288288288288008e+00 2.955157989809004647e-03 2.278503198760875543e-06
4.294294294294294545e+00 2.898537124124390095e-03 1.747557737825366807e-06
4.300300300300300194e+00 2.840281860892736061e-03 1.226503266455913598e-06
4.306306306306305842e+00 2.780338419282828329e-03 7.162413388748916984e-07
4.312312312312312379e+00 2.718831383547701524e-03 2.176735093046685527e-07
4.318318318318318028e+00 2.655219670383683790e-03 0.000000000000000000e+00
4.324324324324324564e+00 2.591446501629767092e-03 0.000000000000000000e+00
4.330330330330330213e+00 2.520183546110903519e-03 0.000000000000000000e+00
4.336336336336335862e+00 2.468704379565617602e-03 0.000000000000000000e+00
4.342342342342342398e+00 2.335069821028404932e-03 0.000000000000000000e+00
4.348348348348348047e+00 0.000000000000000000e+00 0.000000000000000000e+00
4.354354354354354584e+00 1.223224436673153044e-05 0.000000000000000000e+00
4.360360360360360232e+00 0.000000000000000000e+00 0.000000000000000000e+00
4.366366366366366769e+00 8.782356320158019210e-07 0.000000000000000000e+00
4.372372372372372418e+00 0.000000000000000000e+00 0.000000000000000000e+00
4.378378378378378066e+00 6.305448143540720269e-08 0.000000000000000000e+00
4.384384384384384603e+00 0.000000000000000000e+00 0.000000000000000000e+00
4.390390390390390252e+00 4.527108083714795982e-09 0.000000000000000000e+00
4.396396396396396788e+00 0.000000000000000000e+00 0.000000000000000000e+00
4.402402402402402437e+00 0.000000000000000000e+00 0.000000000000000000e+00
4.408408408408408086e+00 0.000000000000000000e+00 0.000000000000000000e+00
4.414414414414414622e+00 0.000000000000000000e+00 0.000000000000000000e+00
4.420420420420420271e+00 0.000000000000000000e+00 0.000000000000000000e+00
4.426426426426426808e+00 0.000000000000000000e+00 0.000000000000000000e+00
4.432432432432432456e+00 0.000000000000000000e+00 0.000000000000000000e+00
4.438438438438438105e+00 0.000000000000000000e+00 0.000000000000000000e+00
4.444444444444444642e+00 0.000000000000000000e+00 0.000000000000000000e+00
4.450450450450450290e+00 0.000000000000000000e+00 0.000000000000000000e+00
4.456456456456456827e+00 0.000000000000000000e+00 0.000000000000000000e+00
4.462462462462462476e+00 0.000000000000000000e+00 0.000000000000000000e+00
4.468468468468468124e+00 0.000000000000000000e+00 0.000000000000000000e+00
4.474474474474474661e+00 0.000000000000000000e+00 0.000000000000000000e+00
4.480480480480480310e+00 0.000000000000000000e+00 0.000000000000000000e+00
4.486486486486486847e+00 0.000000000000000000e+00 0.000000000000000000e+00
4.492492492492492495e+00 0.000000000000000000e+00 0.000000000000000000e+00
4.498498498498498144e+00 0.000000000000000000e+00 0.000000000000000000e+00
4.504504504504504681e+00 0.000000000000000000e+00 0.000000000000000000e+00
4.510510510510510329e+00 0.000000000000000000e+00 0.000000000000000000e+00
4.516516516516516866e+00 0.000000000000000000e+00 0.000000000000000000e+00
4.522522522522522515e+00 0.000000000000000000e+00 0.000000000000000000e+00
4.528528528528528163e+00 0.000000000000000000e+00 0.000000000000000000e+00
4.534534534534534700e+00 0.000000000000000000e+00 0.000000000000000000e+00
4.540540540540540349e+00 0.000000000000000000e+00 0.000000000000000000e+00
4.546546546546546885e+00 0.000000000000000000e+00 0.000000000000000000e+00
4.552552552552552534e+00 0.000000000000000000e+00 2.139631693260520973e-07
4.558558558558558182e+00 0.000000000000000000e+00 9.710915437445837112e-07
4.564564564564564719e+00 0.000000000000000000e+00 1.777779293517641850e-06
4.570570570570570368e+00 0.000000000000000000e+00 2.634927972867468675e-06
4.576576576576576905e+00 0.000000000000000000e+00 3.543439136016747866e-06
4.582582582582582553e+00 0.000000000000000000e+00 4.504214337187709092e-06
4.588588588588588202e+00 0.000000000000000000e+00 5.518155130602927823e-06
4.594594594594594739e+00 0.000000000000000000e+00 6.586163070485028656e-06
4.600600600600600387e+00 0.000000000000000000e+00 7.709139711056165240e-06
4.606606606606606924e+00 0.000000000000000000e+00 8.887986606539141743e-06
4.612612612612612573e+00 0.000000000000000000e+00 1.012360531115606184e-05
4.618618618618618221e+00 0.000000000000000000e+00 1.141689737912956791e-05
4.624624624624624758e+00 0.000000000000000000e+00 1.276876436468233623e-05
4.630630630630630407e+00 0.000000000000000000e+00 1.418010782203641117e-05
4.636636636636636943e+00 0.000000000000000000e+00 1.565182930541469771e-05
4.642642642642642592e+00 0.000000000000000000e+00 1.718483036903921141e-05
4.648648648648648241e+00 0.000000000000000000e+00 1.878001256713262009e-05
4.654654654654654777e+00 0.000000000000000000e+00 2.043827745391762541e-05
4.660660660660660426e+00 0.000000000000000000e+00 2.216052658361640390e-05
4.666666666666666963e+00 0.000000000000000000e+00 2.394766151045108125e-05
4.672672672672672611e+00 0.000000000000000000e+00 2.580058378864672405e-05
4.678678678678678260e+00 0.000000000000000000e+00 2.772019497241444658e-05
4.684684684684684797e+00 0.000000000000000000e+00 2.970739661602031859e-05
4.690690690690690445e+00 0.000000000000000000e+00 3.176309027352459778e-05
4.696696696696696982e+00 0.000000000000000000e+00 3.388817749975348665e-05
4.702702702702702631e+00 0.000000000000000000e+00 3.608355984667792771e-05
4.708708708708708279e+00 0.000000000000000000e+00 3.835013887692116338e-05
4.714714714714714816e+00 0.000000000000000000e+00 4.068881611335494944e-05
4.720720720720720465e+00 0.000000000000000000e+00 4.310049322720497286e-05
4.726726726726727001e+00 0.000000000000000000e+00 4.558607133602976882e-05
4.732732732732732650e+00 0.000000000000000000e+00 4.814645362370578740e-05
4.738738738738738299e+00 0.000000000000000000e+00 5.078253556250145412e-05
4.744744744744744835e+00 0.000000000000000000e+00 5.349524140480246771e-05
4.750750750750750484e+00 0.000000000000000000e+00 5.628538799413381778e-05
4.756756756756757021e+00 0.000000000000000000e+00 5.915419302934258781e-05
4.762762762762762669e+00 0.000000000000000000e+00 6.210137819685181344e-05
4.768768768768768318e+00 0.000000000000000000e+00 6.513224837745510407e-05
4.774774774774774855e+00 0.000000000000000000e+00 6.823127168689077638e-05
4.780780780780780503e+00 0.000000000000000000e+00 7.146068010674823216e-05
4.786786786786787040e+00 0.000000000000000000e+00 7.459248692026397641e-05
4.792792792792792689e+00 0.000000000000000000e+00 7.848181633823951575e-05
4.798798798798798337e+00 0.000000000000000000e+00 7.994156755956537098e-05
4.804804804804804874e+00 0.000000000000000000e+00 9.087042890321481289e-05
4.810810810810810523e+00 0.000000000000000000e+00 6.444483049272685686e-05
4.816816816816817060e+00 0.000000000000000000e+00 0.000000000000000000e+00
4.822822822822822708e+00 0.000000000000000000e+00 2.454702560059322746e-06
4.828828828828828357e+00 0.000000000000000000e+00 0.000000000000000000e+00
4.834834834834834894e+00 0.000000000000000000e+00 1.762397144466971085e-07
4.840840840840840542e+00 0.000000000000000000e+00 0.000000000000000000e+00
4.846846846846847079e+00 0.000000000000000000e+00 1.265344219443757886e-08
4.852852852852852727e+00 0.000000000000000000e+00 0.000000000000000000e+00
4.858858858858858376e+00 0.000000000000000000e+00 9.084762754560577605e-10
4.864864864864864913e+00 0.000000000000000000e+00 0.000000000000000000e+00
4.870870870870870561e+00 0.000000000000000000e+00 0.000000000000000000e+00
4.876876876876877098e+00 0.000000000000000000e+00 0.000000000000000000e+00
4.882882882882882747e+00 0.000000000000000000e+00 0.000000000000000000e+00
4.888888888888889284e+00 0.000000000000000000e+00 0.000000000000000000e+00
4.894894894894894932e+00 0.000000000000000000e+00 0.000000000000000000e+00
4.900900900900900581e+00 0.000000000000000000e+00 0.000000000000000000e+00
4.906906906906907118e+00 0.000000000000000000e+00 0.000000000000000000e+00
4.912912912912912766e+00 0.000000000000000000e+00 0.000000000000000000e+00
4.918918918918919303e+00 0.000000000000000000e+00 0.000000000000000000e+00
4.924924924924924952e+00 0.000000000000000000e+00 0.000000000000000000e+00
4.930930930930930600e+00 0.000000000000000000e+00 0.000000000000000000e+00
4.936936936936937137e+00 0.000000000000000000e+00 0.000000000000000000e+00
4.942942942942942786e+00 0.000000000000000000e+00 0.000000000000000000e+00
4.948948948948949322e+00 0.000000000000000000e+00 0.000000000000000000e+00
4.954954954954954971e+00 0.000000000000000000e+00 0.000000000000000000e+00
4.960960960960960620e+00 0.000000000000000000e+00 0.000000000000000000e+00
4.966966966966967156e+00 0.000000000000000000e+00 0.000000000000000000e+00
4.972972972972972805e+00 0.000000000000000000e+00 0.000000000000000000e+00
4.978978978978979342e+00 0.000000000000000000e+00 0.000000000000000000e+00
4.984984984984984990e+00 0.000000000000000000e+00 0.000000000000000000e+00
4.990990990990990639e+00 0.000000000000000000e+00 0.000000000000000000e+00
4.996996996996997176e+00 0.000000000000000000e+00 0.000000000000000000e+00
5.003003003003002824e+00 0.000000000000000000e+00 0.000000000000000000e+00
5.009009009009009361e+00 0.000000000000000000e+00 0.000000000000000000e+00
5.015015015015015010e+00 0.000000000000000000e+00 0.000000000000000000e+00
5.021021021021020658e+00 0.000000000000000000e+00 0.000000000000000000e+00
5.027027027027027195e+00 0.000000000000000000e+00 0.000000000000000000e+00
5.033033033033032844e+00 0.000000000000000000e+00 0.000000000000000000e+00
5.039039039039039380e+00 0.000000000000000000e+00 0.000000000000000000e+00
5.045045045045045029e+00 0.000000000000000000e+00 0.000000000000000000e+00
5.051051051051050678e+00 0.000000000000000000e+00 0.000000000000000000e+00
5.057057057057057214e+00 0.000000000000000000e+00 0.000000000000000000e+00
5.063063063063062863e+00 0.000000000000000000e+00 0.000000000000000000e+00
5.069069069069069400e+00 0.000000000000000000e+00 0.000000000000000000e+00
5.075075075075075048e+00 0.000000000000000000e+00 0.000000000000000000e+00
5.081081081081080697e+00 0.000000000000000000e+00 0.000000000000000000e+00
5.087087087087087234e+00 0.000000000000000000e+00 0.000000000000000000e+00
5.093093093093092882e+00 0.000000000000000000e+00 0.000000000000000000e+00
5.099099099099099419e+00 0.000000000000000000e+00 0.000000000000000000e+00
5.105105105105105068e+00 0.000000000000000000e+00 0.000000000000000000e+00
5.111111111111110716e+00 0.000000000000000000e+00 0.000000000000000000e+00
5.117117117117117253e+00 0.000000000000000000e+00 0.000000000000000000e+00
5.123123123123122902e+00 0.000000000000000000e+00 0.000000000000000000e+00
5.129129129129129439e+00 0.000000000000000000e+00 0.000000000000000000e+00
5.135135135135135087e+00 0.000000000000000000e+00 0.000000000000000000e+00
5.141141141141140736e+00 0.000000000000000000e+00 0.000000000000000000e+00
5.147147147147147273e+00 0.000000000000000000e+00 0.000000000000000000e+00
5.153153153153152921e+00 0.000000000000000000e+00 0.000000000000000000e+00
5.159159159159159458e+00 0.000000000000000000e+00 0.000000000000000000e+00
5.165165165165165106e+00 0.000000000000000000e+00 0.000000000000000000e+00
5.171171171171170755e+00 0.000000000000000000e+00 0.000000000000000000e+00
5.177177177177177292e+00 0.000000000000000000e+00 0.000000000000000000e+00
5.183183183183182940e+00 0.000000000000000000e+00 0.000000000000000000e+00
5.189189189189189477e+00 0.000000000000000000e+00 0.000000000000000000e+00
5.195195195195195126e+00 0.000000000000000000e+00 0.000000000000000000e+00
5.201201201201200774e+00 0.000000000000000000e+00 0.000000000000000000e+00
5.207207207207207311e+00 0.000000000000000000e+00 0.000000000000000000e+00
5.213213213213212960e+00 0.000000000000000000e+00 0.000000000000000000e+00
5.219219219219219497e+00 0.000000000000000000e+00 0.000000000000000000e+00
5.225225225225225145e+00 0.000000000000000000e+00 0.000000000000000000e+00
5.231231231231230794e+00 0.000000000000000000e+00 0.000000000000000000e+00
5.237237237237237331e+00 0.000000000000000000e+00 0.000000000000000000e+00
5.243243243243242979e+00 0.000000000000000000e+00 0.000000000000000000e+00
5.249249249249249516e+00 0.000000000000000000e+00 0.000000000000000000e+00
5.255255255255255165e+00 0.000000000000000000e+00 0.000000000000000000e+00
5.261261261261260813e+00 0.000000000000000000e+00 0.000000000000000000e+00
5.267267267267267350e+00 0.000000000000000000e+00 0.000000000000000000e+00
5.273273273273272999e+00 0.000000000000000000e+00 0.000000000000000000e+00
5.279279279279279535e+00 0.000000000000000000e+00 0.000000000000000000e+00
5.285285285285285184e+00 0.000000000000000000e+00 0.000000000000000000e+00
5.291291291291290833e+00 0.000000000000000000e+00 0.000000000000000000e+00
5.297297297297297369e+00 0.000000000000000000e+00 0.000000000000000000e+00
5.303303303303303018e+00 0.000000000000000000e+00 0.000000000000000000e+00
5.309309309309309555e+00 0.000000000000000000e+00 0.000000000000000000e+00
5.315315315315315203e+00 0.000000000000000000e+00 0.000000000000000000e+00
5.321321321321320852e+00 0.000000000000000000e+00 0.000000000000000000e+00
5.327327327327327389e+00 0.000000000000000000e+00 0.000000000000000000e+00
5.333333333333333037e+00 0.000000000000000000e+00 0.000000000000000000e+00
5.339339339339339574e+00 0.000000000000000000e+00 0.000000000000000000e+00
5.345345345345345223e+00 0.000000000000000000e+00 0.000000000000000000e+00
5.351351351351350871e+00 0.000000000000000000e+00 0.000000000000000000e+00
5.357357357357357408e+00 0.000000000000000000e+00 0.000000000000000000e+00
5.363363363363363057e+00 0.000000000000000000e+00 0.000000000000000000e+00
5.369369369369369593e+00 0.000000000000000000e+00 0.000000000000000000e+00
5.375375375375375242e+00 0.000000000000000000e+00 0.000000000000000000e+00
5.381381381381380891e+00 0.000000000000000000e+00 0.000000000000000000e+00
5.387387387387387427e+00 0.000000000000000000e+00 0.000000000000000000e+00
5.393393393393393076e+00 0.000000000000000000e+00 0.000000000000000000e+00
5.399399399399399613e+00 0.000000000000000000e+00 0.000000000000000000e+00
5.405405405405405261e+00 0.000000000000000000e+00 0.000000000000000000e+00
5.411411411411411798e+00 0.000000000000000000e+00 0.000000000000000000e+00
5.417417417417417447e+00 0.000000000000000000e+00 0.000000000000000000e+00
5.423423423423423095e+00 0.000000000000000000e+00 0.000000000000000000e+00
5.429429429429429632e+00 0.000000000000000000e+00 0.000000000000000000e+00
5.435435435435435281e+00 0.000000000000000000e+00 0.000000000000000000e+00
5.441441441441441818e+00 0.000000000000000000e+00 0.000000000000000000e+00
5.447447447447447466e+00 0.000000000000000000e+00 0.000000000000000000e+00
5.453453453453453115e+00 0.000000000000000000e+00 0.000000000000000000e+00
5.459459459459459651e+00 0.000000000000000000e+00 0.000000000000000000e+00
5.465465465465465300e+00 0.000000000000000000e+00 0.000000000000000000e+00
5.471471471471471837e+00 0.000000000000000000e+00 0.000000000000000000e+00
5.477477477477477485e+00 0.000000000000000000e+00 0.000000000000000000e+00
5.483483483483483134e+00 0.000000000000000000e+00 0.000000000000000000e+00
5.489489489489489671e+00 0.000000000000000000e+00 0.000000000000000000e+00
5.495495495495495319e+00 0.000000000000000000e+00 0.000000000000000000e+00
5.501501501501501856e+00 0.000000000000000000e+00 0.000000000000000000e+00
5.507507507507507505e+00 0.000000000000000000e+00 0.000000000000000000e+00
5.513513513513513153e+00 0.000000000000000000e+00 0.000000000000000000e+00
5.519519519519519690e+00 0.000000000000000000e+00 0.000000000000000000e+00
5.525525525525525339e+00 0.000000000000000000e+00 0.000000000000000000e+00
5.531531531531531876e+00 0.000000000000000000e+00 0.000000000000000000e+00
5.537537537537537524e+00 0.000000000000000000e+00 0.000000000000000000e+00
5.543543543543543173e+00 0.000000000000000000e+00 0.000000000000000000e+00
5.549549549549549710e+00 0.000000000000000000e+00 0.000000000000000000e+00
5.555555555555555358e+00 0.000000000000000000e+00 0.000000000000000000e+00
5.561561561561561895e+00 0.000000000000000000e+00 0.000000000000000000e+00
5.567567567567567544e+00 0.000000000000000000e+00 0.000000000000000000e+00
5.573573573573573192e+00 0.000000000000000000e+00 0.000000000000000000e+00
5.579579579579579729e+00 0.000000000000000000e+00 0.000000000000000000e+00
5.585585585585585378e+00 0.000000000000000000e+00 0.000000000000000000e+00
5.591591591591591914e+00 0.000000000000000000e+00 0.000000000000000000e+00
5.597597597597597563e+00 0.000000000000000000e+00 0.000000000000000000e+00
5.603603603603603212e+00 0.000000000000000000e+00 0.000000000000000000e+00
5.609609609609609748e+00 0.000000000000000000e+00 0.000000000000000000e+00
5.615615615615615397e+00 0.000000000000000000e+00 0.000000000000000000e+00
5.621621621621621934e+00 0.000000000000000000e+00 0.000000000000000000e+00
5.627627627627627582e+00 0.000000000000000000e+00 0.000000000000000000e+00
5.633633633633633231e+00 0.000000000000000000e+00 0.000000000000000000e+00
5.639639639639639768e+00 0.000000000000000000e+00 0.000000000000000000e+00
5.645645645645645416e+00 0.000000000000000000e+00 0.000000000000000000e+00
5.651651651651651953e+00 0.000000000000000000e+00 0.000000000000000000e+00
5.657657657657657602e+00 0.000000000000000000e+00 0.000000000000000000e+00
5.663663663663663250e+00 0.000000000000000000e+00 0.000000000000000000e+00
5.669669669669669787e+00 0.000000000000000000e+00 0.000000000000000000e+00
5.675675675675675436e+00 0.000000000000000000e+00 0.000000000000000000e+00
5.681681681681681972e+00 0.000000000000000000e+00 0.000000000000000000e+00
5.687687687687687621e+00 0.000000000000000000e+00 0.000000000000000000e+00
5.693693693693693270e+00 0.000000000000000000e+00 0.000000000000000000e+00
5.699699699699699806e+00 0.000000000000000000e+00 0.000000000000000000e+00
5.705705705705705455e+00 0.000000000000000000e+00 0.000000000000000000e+00
5.711711711711711992e+00 0.000000000000000000e+00 0.000000000000000000e+00
5.717717717717717640e+00 0.000000000000000000e+00 0.000000000000000000e+00
5.723723723723723289e+00 0.000000000000000000e+00 0.000000000000000000e+00
5.729729729729729826e+00 0.000000000000000000e+00 0.000000000000000000e+00
5.735735735735735474e+00 0.000000000000000000e+00 0.000000000000000000e+00
5.741741741741742011e+00 0.000000000000000000e+00 0.000000000000000000e+00
5.747747747747747660e+00 0.000000000000000000e+00 0.000000000000000000e+00
5.753753753753753308e+00 0.000000000000000000e+00 0.000000000000000000e+00
5.759759759759759845e+00 0.000000000000000000e+00 0.000000000000000000e+00
5.765765765765765494e+00 0.000000000000000000e+00 0.000000000000000000e+00
5.771771771771772030e+00 0.000000000000000000e+00 0.000000000000000000e+00
5.777777777777777679e+00 0.000000000000000000e+00 0.000000000000000000e+00
5.783783783783783328e+00 0.000000000000000000e+00 0.000000000000000000e+00
5.789789789789789864e+00 0.000000000000000000e+00 0.000000000000000000e+00
5.795795795795795513e+00 0.000000000000000000e+00 0.000000000000000000e+00
5.801801801801802050e+00 0.000000000000000000e+00 0.000000000000000000e+00
5.807807807807807698e+00 0.000000000000000000e+00 0.000000000000000000e+00
5.813813813813813347e+00 0.000000000000000000e+00 0.000000000000000000e+00
5.819819819819819884e+00 0.000000000000000000e+00 0.000000000000000000e+00
5.825825825825825532e+00 0.000000000000000000e+00 0.000000000000000000e+00
5.831831831831832069e+00 0.000000000000000000e+00 0.000000000000000000e+00
5.837837837837837718e+00 0.000000000000000000e+00 0.000000000000000000e+00
5.843843843843843366e+00 0.000000000000000000e+00 0.000000000000000000e+00
5.849849849849849903e+00 0.000000000000000000e+00 0.000000000000000000e+00
5.855855855855855552e+00 0.000000000000000000e+00 0.000000000000000000e+00
5.861861861861862089e+00 0.000000000000000000e+00 0.000000000000000000e+00
5.867867867867867737e+00 0.000000000000000000e+00 0.000000000000000000e+00
5.873873873873873386e+00 0.000000000000000000e+00 0.000000000000000000e+00
5.879879879879879923e+00 0.000000000000000000e+00 0.000000000000000000e+00
5.885885885885885571e+00 0.000000000000000000e+00 0.000000000000000000e+00
5.891891891891892108e+00 0.000000000000000000e+00 0.000000000000000000e+00
5.897897897897897757e+00 0.000000000000000000e+00 0.000000000000000000e+00
5.903903903903904293e+00 0.000000000000000000e+00 0.000000000000000000e+00
5.909909909909909942e+00 0.000000000000000000e+00 0.000000000000000000e+00
5.915915915915915591e+00 0.000000000000000000e+00 0.000000000000000000e+00
5.921921921921922127e+00 0.000000000000000000e+00 0.000000000000000000e+00
5.927927927927927776e+00 0.000000000000000000e+00 0.000000000000000000e+00
5.933933933933934313e+00 0.000000000000000000e+00 0.000000000000000000e+00
5.939939939939939961e+00 0.000000000000000000e+00 0.000000000000000000e+00
5.945945945945945610e+00 0.000000000000000000e+00 0.000000000000000000e+00
5.951951951951952147e+00 0.000000000000000000e+00 0.000000000000000000e+00
5.957957957957957795e+00 0.000000000000000000e+00 0.000000000000000000e+00
5.963963963963964332e+00 0.000000000000000000e+00 0.000000000000000000e+00
5.969969969969969981e+00 0.000000000000000000e+00 0.000000000000000000e+00
5.975975975975975629e+00 0.000000000000000000e+00 0.000000000000000000e+00
5.981981981981982166e+00 0.000000000000000000e+00 0.000000000000000000e+00
5.987987987987987815e+00 0.000000000000000000e+00 0.000000000000000000e+00
5.993993993993994351e+00 0.000000000000000000e+00 0.000000000000000000e+00
6.000000000000000000e+00 0.000000000000000000e+00 0.000000000000000000e+00
