# dimensionless total [l(l+1)/2pi] C_l's
# for l=2 to 999, i.e. number of multipoles equal to 998
#
# -> if you prefer output in CAMB/HealPix/LensPix units/order, set 'format' to 'camb' in input file
# -> if you don't want to see such a header, set 'headers' to 'no' in input file
#
# 1:l     2:lens[1]-lens[1]        3:lens[1]-lens[2]        4:lens[2]-lens[2]    
    2       1.029556174423e-09       1.618397496477e-09       3.054107253532e-09 
    3       5.353200690264e-10       8.843352895630e-10       1.789684593104e-09 
    4       3.150697823363e-10       5.416538829758e-10       1.161299318705e-09 
    5       2.014993535339e-10       3.580912470310e-10       8.066964865938e-10 
    6       1.367048157815e-10       2.498948837405e-10       5.879599234526e-10 
    7       9.694221221626e-11       1.815739434836e-10       4.440881020853e-10 
    8       7.116110509228e-11       1.361393076885e-10       3.447834497645e-10 
    9       5.370907887955e-11       1.046783451340e-10       2.736246012119e-10 
   10       4.147789925959e-11       8.217528507592e-11       2.210855435694e-10 
   11       3.265668055444e-11       6.564472715854e-11       1.813319898274e-10 
   12       2.613953698015e-11       5.322670955292e-11       1.506337392988e-10 
   13       2.122443028138e-11       4.371902238880e-11       1.265142044146e-10 
   14       1.745082161127e-11       3.631872298907e-11       1.072799467371e-10 
   15       1.450795660347e-11       3.047522787686e-11       9.174251577466e-11 
   16       1.218099217585e-11       2.580210805391e-11       7.904814038898e-11 
   17       1.031819646906e-11       2.202241468753e-11       6.857195933050e-11 
   18       8.803000753438e-12       1.891979173052e-11       5.981186563458e-11 
   19       7.577589258352e-12       1.638743451058e-11       5.252580811478e-11 
   20       6.559848342421e-12       1.426841476764e-11       4.632976577154e-11 
   21       5.714286053263e-12       1.249533066314e-11       4.106322599729e-11 
   22       5.003488138847e-12       1.099514559323e-11       3.654167216803e-11 
   23       4.406089489681e-12       9.726355622772e-12       3.266220221405e-11 
   24       3.896744144349e-12       8.638714524470e-12       2.929397717862e-11 
   25       3.462340402053e-12       7.706272395158e-12       2.637038420626e-11 
   26       3.088308341601e-12       6.899618513612e-12       2.381225569006e-11 
   27       2.765488220589e-12       6.200253746584e-12       2.156996336138e-11 
   28       2.483736530193e-12       5.587422920712e-12       1.958592328280e-11 
   29       2.239061735090e-12       5.053076757539e-12       1.783888863215e-11 
   30       2.026271144889e-12       4.586495564094e-12       1.629865710388e-11 
   31       1.837865491299e-12       4.172019384678e-12       1.491964405723e-11 
   32       1.671394222957e-12       3.804599156217e-12       1.368776997591e-11 
   33       1.524430611589e-12       3.479154769057e-12       1.258823415748e-11 
   34       1.393391549548e-12       3.188098393169e-12       1.159818061008e-11 
   35       1.276731329148e-12       2.928188417653e-12       1.070811391171e-11 
   36       1.172647006712e-12       2.695598034400e-12       9.906431283395e-12 
   37       1.078775254649e-12       2.485272761721e-12       9.177480657960e-12 
   38       9.943984572514e-13       2.295706724011e-12       8.516828485600e-12 
   39       9.188505170901e-13       2.125487551038e-12       7.920184572833e-12 
   40       8.508624251293e-13       1.971876793969e-12       7.378841205417e-12 
   41       7.889149422580e-13       1.831581166588e-12       6.882203932305e-12 
   42       7.325544955692e-13       1.703632647914e-12       6.427263395811e-12 
   43       6.814217906384e-13       1.587260807549e-12       6.011584706565e-12 
   44       6.348645307044e-13       1.481043974076e-12       5.630505966028e-12 
   45       5.921202212283e-13       1.383313597477e-12       5.278505709848e-12 
   46       5.529819070704e-13       1.293627838480e-12       4.954193675316e-12 
   47       5.172938182103e-13       1.211654541208e-12       4.656522661748e-12 
   48       4.847536519274e-13       1.136733107922e-12       4.383301008475e-12 
   49       4.549022439304e-13       1.067851258371e-12       4.131111005795e-12 
   50       4.272397536296e-13       1.003904034626e-12       3.896201694904e-12 
   51       4.016353622209e-13       9.446076154229e-13       3.677642250235e-12 
   52       3.780109284294e-13       8.897933735064e-13       3.474883515449e-12 
   53       3.562199225532e-13       8.391375871750e-13       3.286823537458e-12 
   54       3.360430511995e-13       7.921514817730e-13       3.111771830981e-12 
   55       3.172434693515e-13       7.483058343308e-13       2.947890264650e-12 
   56       2.997585015912e-13       7.074638501449e-13       2.794725843765e-12 
   57       2.835478849254e-13       6.695383789246e-13       2.651996110243e-12 
   58       2.685363453209e-13       6.343621601311e-13       2.519129090200e-12 
   59       2.546115440244e-13       6.016831071894e-13       2.395246128180e-12 
   60       2.416220238829e-13       5.711595917007e-13       2.279144721379e-12 
   61       2.294135735502e-13       5.424431900129e-13       2.169595221542e-12 
   62       2.179525042878e-13       5.154592954548e-13       2.066347598120e-12 
   63       2.072265256033e-13       4.901814109308e-13       1.969321221368e-12 
   64       1.972079509123e-13       4.665473423699e-13       1.878303871236e-12 
   65       1.878528628294e-13       4.444572580523e-13       1.792944530378e-12 
   66       1.791002784586e-13       4.237717479366e-13       1.712746177166e-12 
   67       1.708713146846e-13       4.043098829858e-13       1.637058578702e-12 
   68       1.630876509382e-13       3.858918313153e-13       1.565234397011e-12 
   69       1.557331274951e-13       3.684810719403e-13       1.497150348257e-12 
   70       1.488031864541e-13       3.520676433682e-13       1.432779182351e-12 
   71       1.422863435630e-13       3.366253496763e-13       1.372032737409e-12 
   72       1.361638470508e-13       3.221109593991e-13       1.314758909563e-12 
   73       1.304093364604e-13       3.084634044159e-13       1.260738622786e-12 
   74       1.249885014806e-13       2.956029788380e-13       1.209682798707e-12 
   75       1.198587407786e-13       2.834305378959e-13       1.161229326435e-12 
   76       1.149786035722e-13       2.718495323394e-13       1.115025019894e-12 
   77       1.103388562055e-13       2.608385213387e-13       1.070995442337e-12 
   78       1.059364872003e-13       2.503904886351e-13       1.029119009008e-12 
   79       1.017652888033e-13       2.404908526324e-13       9.893450980704e-13 
   80       9.781571642099e-14       2.311171335450e-13       9.515927631603e-13 
   81       9.407474805506e-14       2.222386205459e-13       9.157494459451e-13 
   82       9.052574373789e-14       2.138160389146e-13       8.816696886803e-13 
   83       8.714830496789e-14       2.058012171854e-13       8.491738467665e-13 
   84       8.392269670530e-14       1.981475316634e-13       8.180877827183e-13 
   85       8.084426354828e-14       1.908439585096e-13       7.883723289412e-13 
   86       7.791115684697e-14       1.838860827498e-13       7.600130264661e-13 
   87       7.511992169080e-14       1.772656733378e-13       7.329804619153e-13 
   88       7.246543302550e-14       1.709705314354e-13       7.072296688225e-13 
   89       6.994083177020e-14       1.649843386931e-13       6.826995289531e-13 
   90       6.753746093445e-14       1.592865055299e-13       6.593121736244e-13 
   91       6.524480173528e-14       1.538520194141e-13       6.369723850259e-13 
   92       6.305040971429e-14       1.486512931428e-13       6.155669975392e-13 
   93       6.094260436530e-14       1.436565516437e-13       5.949896596809e-13 
   94       5.891913950567e-14       1.388624207233e-13       5.752206804073e-13 
   95       5.697972488400e-14       1.342681687617e-13       5.562581406782e-13 
   96       5.512336312420e-14       1.298713829639e-13       5.380933556499e-13 
   97       5.334832363960e-14       1.256679073934e-13       5.207106241159e-13 
   98       5.165211654692e-14       1.216517810057e-13       5.040869779485e-13 
   99       5.003146658038e-14       1.178151756816e-13       4.881919315402e-13 
  100       4.848228700571e-14       1.141483342611e-13       4.729872312449e-13 
  101       4.699965353421e-14       1.106395085763e-13       4.584266048191e-13 
  102       4.557777823677e-14       1.072748974849e-13       4.444555108636e-13 
  103       4.420998345794e-14       1.040385849042e-13       4.310108882643e-13 
  104       4.289010559378e-14       1.009158818610e-13       4.180344883337e-13 
  105       4.161697857635e-14       9.790400027096e-14       4.055154619972e-13 
  106       4.039051023044e-14       9.500271222067e-14       3.934530851834e-13 
  107       3.921029624572e-14       9.221105044384e-14       3.818435897743e-13 
  108       3.807560980356e-14       8.952728376174e-14       3.706800623074e-13 
  109       3.698539120389e-14       8.694889252340e-14       3.599523426772e-13 
  110       3.593823749199e-14       8.447254404587e-14       3.496469228370e-13 
  111       3.493239208538e-14       8.209406805440e-14       3.397468455007e-13 
  112       3.396573440061e-14       7.980843212269e-14       3.302316028447e-13 
  113       3.303576948011e-14       7.760971711317e-14       3.210770352091e-13 
  114       3.213961761903e-14       7.549109261715e-14       3.122552298001e-13 
  115       3.127400399206e-14       7.344479239512e-14       3.037344193916e-13 
  116       3.043592968206e-14       7.146370546604e-14       2.954854989537e-13 
  117       2.962479949875e-14       6.954642134295e-14       2.875026909543e-13 
  118       2.884053458759e-14       6.769275493856e-14       2.797852140409e-13 
  119       2.808290987496e-14       6.590217563928e-14       2.723308476075e-13 
  120       2.735154971977e-14       6.417379703064e-14       2.651358890108e-13 
  121       2.664592356508e-14       6.250636662264e-14       2.581951107855e-13 
  122       2.596534158969e-14       6.089825557509e-14       2.515017178603e-13 
  123       2.530895035976e-14       5.934744842303e-14       2.450473047734e-13 
  124       2.467572848040e-14       5.785153280207e-14       2.388218128881e-13 
  125       2.406448224728e-14       5.640768917377e-14       2.328134876088e-13 
  126       2.347384129827e-14       5.501268055101e-14       2.270088355965e-13 
  127       2.290225426498e-14       5.366284222334e-14       2.213925819846e-13 
  128       2.234798442444e-14       5.235407148240e-14       2.159476275943e-13 
  129       2.180946207095e-14       5.108265994740e-14       2.106585138056e-13 
  130       2.128639457309e-14       4.984791559961e-14       2.055223377948e-13 
  131       2.077877044060e-14       4.864981031034e-14       2.005389594323e-13 
  132       2.028651174181e-14       4.748815882118e-14       1.957075834525e-13 
  133       1.980947230772e-14       4.636261449867e-14       1.910267417689e-13 
  134       1.934743593621e-14       4.527266508904e-14       1.864942757895e-13 
  135       1.890011459618e-14       4.421762847290e-14       1.821073187318e-13 
  136       1.846714663176e-14       4.319664841998e-14       1.778622779381e-13 
  137       1.804809496643e-14       4.220869034378e-14       1.737548171906e-13 
  138       1.764244530721e-14       4.125253705636e-14       1.697798390267e-13 
  139       1.724960434883e-14       4.032678452299e-14       1.659314670542e-13 
  140       1.686889797789e-14       3.942983761687e-14       1.622030282662e-13 
  141       1.649956947702e-14       3.855990587385e-14       1.585870353570e-13 
  142       1.614077772906e-14       3.771499924716e-14       1.550751690363e-13 
  143       1.579159542122e-14       3.689292386207e-14       1.516582603453e-13 
  144       1.545119475628e-14       3.609172065701e-14       1.483281231900e-13 
  145       1.511942901205e-14       3.531103900705e-14       1.450832928915e-13 
  146       1.479630516899e-14       3.455089108162e-14       1.419238223959e-13 
  147       1.448180083963e-14       3.381121943330e-14       1.388494758677e-13 
  148       1.417586355035e-14       3.309189529788e-14       1.358597216379e-13 
  149       1.387841002320e-14       3.239271689434e-14       1.329537251531e-13 
  150       1.358932545766e-14       3.171340772493e-14       1.301303419243e-13 
  151       1.330846281245e-14       3.105361487519e-14       1.273881104749e-13 
  152       1.303564208732e-14       3.041290731398e-14       1.247252452898e-13 
  153       1.277064960485e-14       2.979077419351e-14       1.221396297640e-13 
  154       1.251323729225e-14       2.918662314939e-14       1.196288091512e-13 
  155       1.226312196313e-14       2.859977860065e-14       1.171899835122e-13 
  156       1.201998459930e-14       2.802948004976e-14       1.148200006640e-13 
  157       1.178346963258e-14       2.747488038269e-14       1.125153491279e-13 
  158       1.155318422658e-14       2.693504416896e-14       1.102721510786e-13 
  159       1.132869755851e-14       2.640894596161e-14       1.080861552925e-13 
  160       1.110954010095e-14       2.589546859729e-14       1.059527300965e-13 
  161       1.089529639600e-14       2.539362325722e-14       1.038677763073e-13 
  162       1.068589410538e-14       2.490323508841e-14       1.018305715794e-13 
  163       1.048133926818e-14       2.442431524713e-14       9.984116528510e-14 
  164       1.028162482177e-14       2.395684391684e-14       9.789947835037e-14 
  165       1.008673031371e-14       2.350076962854e-14       9.600530043647e-14 
  166       9.896621613704e-15       2.305600858110e-14       9.415828712120e-14 
  167       9.711250625525e-15       2.262244396154e-14       9.235795708036e-14 
  168       9.530554998979e-15       2.219992526542e-14       9.060368926909e-14 
  169       9.354457841827e-15       2.178826761715e-14       8.889472010331e-14 
  170       9.182867431734e-15       2.138725109030e-14       8.723014064111e-14 
  171       9.015676928201e-15       2.099662002792e-14       8.560889376413e-14 
  172       8.852764084514e-15       2.061608236291e-14       8.402977135895e-14 
  173       8.693990959679e-15       2.024530893832e-14       8.249141149851e-14 
  174       8.539203630362e-15       1.988393282768e-14       8.099229562349e-14 
  175       8.388231902831e-15       1.953154865531e-14       7.953074572372e-14 
  176       8.240889024896e-15       1.918771191670e-14       7.810492151955e-14 
  177       8.096971397850e-15       1.885193829879e-14       7.671281764324e-14 
  178       7.956258288404e-15       1.852370300031e-14       7.535226082042e-14 
  179       7.818511540636e-15       1.820244005210e-14       7.402090705140e-14 
  180       7.683521983106e-15       1.788765233058e-14       7.271669672994e-14 
  181       7.551253377036e-15       1.757925279663e-14       7.143926634209e-14 
  182       7.421709383787e-15       1.727724913914e-14       7.018864382938e-14 
  183       7.294887782677e-15       1.698163524937e-14       6.896479961161e-14 
  184       7.170780354912e-15       1.669239094901e-14       6.776764545498e-14 
  185       7.049372767515e-15       1.640948171820e-14       6.659703334014e-14 
  186       6.930644457252e-15       1.613285842356e-14       6.545275433030e-14 
  187       6.814568514571e-15       1.586245704626e-14       6.433453743931e-14 
  188       6.701111567520e-15       1.559819841004e-14       6.324204849977e-14 
  189       6.590233665688e-15       1.533998790924e-14       6.217488903108e-14 
  190       6.481888164127e-15       1.508771523683e-14       6.113259510758e-14 
  191       6.376021607283e-15       1.484125411249e-14       6.011463622658e-14 
  192       6.272573612932e-15       1.460046201059e-14       5.912041417650e-14 
  193       6.171476756100e-15       1.436517988827e-14       5.814926190493e-14 
  194       6.072656453001e-15       1.413523191347e-14       5.720044238673e-14 
  195       5.976030844961e-15       1.391042519293e-14       5.627314749212e-14 
  196       5.881510682354e-15       1.369054950028e-14       5.536649685475e-14 
  197       5.788999208524e-15       1.347537700405e-14       5.447953673983e-14 
  198       5.698392043721e-15       1.326466199572e-14       5.361123891217e-14 
  199       5.609577069030e-15       1.305814061772e-14       5.276049950431e-14 
  200       5.522434310297e-15       1.285553059152e-14       5.192613788457e-14 
  201       5.436858955124e-15       1.265658529873e-14       5.110712202273e-14 
  202       5.352832477421e-15       1.246126089498e-14       5.030326488039e-14 
  203       5.270356375434e-15       1.226956062259e-14       4.951457563956e-14 
  204       5.189429447921e-15       1.208148141979e-14       4.874103721654e-14 
  205       5.110047746456e-15       1.189701380938e-14       4.798260579947e-14 
  206       5.032204527726e-15       1.171614178743e-14       4.723921038581e-14 
  207       4.955890205834e-15       1.153884271197e-14       4.651075231984e-14 
  208       4.881092304595e-15       1.136508719160e-14       4.579710483018e-14 
  209       4.807795409839e-15       1.119483897427e-14       4.509811256728e-14 
  210       4.735981121710e-15       1.102805483587e-14       4.441359114098e-14 
  211       4.665628006968e-15       1.086468446896e-14       4.374332665792e-14 
  212       4.596711551285e-15       1.070467037143e-14       4.308707525915e-14 
  213       4.529204111547e-15       1.054794773519e-14       4.244456265757e-14 
  214       4.463074868156e-15       1.039444433484e-14       4.181548367547e-14 
  215       4.398289777327e-15       1.024408041635e-14       4.119950178200e-14 
  216       4.334811523390e-15       1.009676858572e-14       4.059624863074e-14 
  217       4.272599471088e-15       9.952413697721e-15       4.000532359712e-14 
  218       4.211609617879e-15       9.810912744491e-15       3.942629331601e-14 
  219       4.151794546234e-15       9.672154744273e-15       3.885869121919e-14 
  220       4.093103375941e-15       9.536020630071e-15       3.830201707284e-14 
  221       4.035481716399e-15       9.402383138335e-15       3.775573651509e-14 
  222       3.978871618922e-15       9.271106697634e-15       3.721928059347e-14 
  223       3.923211529041e-15       9.142047317342e-15       3.669204530248e-14 
  224       3.868448014962e-15       9.015079973965e-15       3.617350598221e-14 
  225       3.814571889527e-15       8.890182956915e-15       3.566356964378e-14 
  226       3.761584318649e-15       8.767358730882e-15       3.516224440397e-14 
  227       3.709485234373e-15       8.646606880089e-15       3.466952647254e-14 
  228       3.658273315215e-15       8.527924062438e-15       3.418539996317e-14 
  229       3.607945966500e-15       8.411303963659e-15       3.370983670446e-14 
  230       3.558499300701e-15       8.296737251462e-15       3.324279605090e-14 
  231       3.509928117777e-15       8.184211529685e-15       3.278422469388e-14 
  232       3.462225885511e-15       8.073711292445e-15       3.233405647267e-14 
  233       3.415384719849e-15       7.965217878283e-15       3.189221218538e-14 
  234       3.369395365240e-15       7.858709424319e-15       3.145859939997e-14 
  235       3.324247174972e-15       7.754160820399e-15       3.103311226525e-14 
  236       3.279928091511e-15       7.651543663244e-15       3.061563132182e-14 
  237       3.236424626841e-15       7.550826210599e-15       3.020602331311e-14 
  238       3.193721842801e-15       7.451973335384e-15       2.980414099633e-14 
  239       3.151803331425e-15       7.354946479843e-15       2.940982295344e-14 
  240       3.110651195278e-15       7.259703609694e-15       2.902289340220e-14 
  241       3.070246027796e-15       7.166199168275e-15       2.864316200709e-14 
  242       3.030566893627e-15       7.074384030698e-15       2.827042369034e-14 
  243       2.991591308964e-15       6.984205457998e-15       2.790445844287e-14 
  244       2.953295221888e-15       6.895607051277e-15       2.754503113533e-14 
  245       2.915652992704e-15       6.808528705862e-15       2.719189132905e-14 
  246       2.878637374282e-15       6.722906565446e-15       2.684477308705e-14 
  247       2.842219492392e-15       6.638672976243e-15       2.650339478498e-14 
  248       2.806368826046e-15       6.555756441135e-15       2.616745892216e-14 
  249       2.771053187833e-15       6.474081573825e-15       2.583665193254e-14 
  250       2.736244799957e-15       6.393583308094e-15       2.551070301794e-14 
  251       2.701938951782e-15       6.314250529626e-15       2.518956480313e-14 
  252       2.668136381049e-15       6.236084873652e-15       2.487324274144e-14 
  253       2.634837267125e-15       6.159086677969e-15       2.456173695508e-14 
  254       2.602041223000e-15       6.083254964344e-15       2.425504215895e-14 
  255       2.569747287281e-15       6.008587419928e-15       2.395314758456e-14 
  256       2.537953916189e-15       5.935080378667e-15       2.365603690383e-14 
  257       2.506658975552e-15       5.862728802710e-15       2.336368815299e-14 
  258       2.475859732802e-15       5.791526263819e-15       2.307607365643e-14 
  259       2.445552848974e-15       5.721464924783e-15       2.279315995052e-14 
  260       2.415734370695e-15       5.652535520822e-15       2.251490770753e-14 
  261       2.386399722184e-15       5.584727341003e-15       2.224127165943e-14 
  262       2.357543697247e-15       5.518028209648e-15       2.197220052176e-14 
  263       2.329160451273e-15       5.452424467744e-15       2.170763691753e-14 
  264       2.301243493228e-15       5.387900954352e-15       2.144751730102e-14 
  265       2.273785677651e-15       5.324440988021e-15       2.119177188165e-14 
  266       2.246779196651e-15       5.262026348192e-15       2.094032454788e-14 
  267       2.220215571900e-15       5.200637256617e-15       2.069309279101e-14 
  268       2.194085646631e-15       5.140252358760e-15       2.044998762907e-14 
  269       2.168379577635e-15       5.080848705213e-15       2.021091353067e-14 
  270       2.143086827251e-15       5.022401733107e-15       1.997576833885e-14 
  271       2.118196155367e-15       4.964885247515e-15       1.974444319494e-14 
  272       2.093695611413e-15       4.908271402871e-15       1.951682246243e-14 
  273       2.069572526357e-15       4.852530684376e-15       1.929278365082e-14 
  274       2.045813504701e-15       4.797631889407e-15       1.907219733947e-14 
  275       2.022404416476e-15       4.743542108929e-15       1.885492710144e-14 
  276       1.999330389239e-15       4.690226708906e-15       1.864082942740e-14 
  277       1.976575800067e-15       4.637649311710e-15       1.842975364944e-14 
  278       1.954124267553e-15       4.585771777530e-15       1.822154186493e-14 
  279       1.931961729445e-15       4.534561367350e-15       1.801605844203e-14 
  280       1.910085868531e-15       4.484012680888e-15       1.781328038472e-14 
  281       1.888497159504e-15       4.434126819018e-15       1.761321150113e-14 
  282       1.867195824054e-15       4.384904297054e-15       1.741585321301e-14 
  283       1.846181827604e-15       4.336345037192e-15       1.722120452506e-14 
  284       1.825454876047e-15       4.288448360956e-15       1.702926199423e-14 
  285       1.805014412479e-15       4.241212981633e-15       1.684001969900e-14 
  286       1.784859613936e-15       4.194636996722e-15       1.665346920867e-14 
  287       1.764989388130e-15       4.148717880369e-15       1.646959955270e-14 
  288       1.745402370183e-15       4.103452475815e-15       1.628839718996e-14 
  289       1.726096919361e-15       4.058836987833e-15       1.610984597804e-14 
  290       1.707071115815e-15       4.014866975173e-15       1.593392714258e-14 
  291       1.688322757310e-15       3.971537343001e-15       1.576061924651e-14 
  292       1.669849355965e-15       3.928842335344e-15       1.558989815939e-14 
  293       1.651648134985e-15       3.886775527530e-15       1.542173702672e-14 
  294       1.633716025401e-15       3.845329818629e-15       1.525610623916e-14 
  295       1.616049662799e-15       3.804497423896e-15       1.509297340194e-14 
  296       1.598645384063e-15       3.764269867212e-15       1.493230330405e-14 
  297       1.581499224104e-15       3.724637973529e-15       1.477405788760e-14 
  298       1.564606912598e-15       3.685591861306e-15       1.461819621711e-14 
  299       1.547963870724e-15       3.647120934956e-15       1.446467444880e-14 
  300       1.531565207893e-15       3.609213877285e-15       1.431344579987e-14 
  301       1.515405718490e-15       3.571858641934e-15       1.416446051783e-14 
  302       1.499479878607e-15       3.535042445823e-15       1.401766584977e-14 
  303       1.483781842777e-15       3.498751761590e-15       1.387300601167e-14 
  304       1.468305440711e-15       3.462972310035e-15       1.373042215771e-14 
  305       1.453044174033e-15       3.427689052559e-15       1.358985234953e-14 
  306       1.437991213017e-15       3.392886183609e-15       1.345123152557e-14 
  307       1.423139393319e-15       3.358547123119e-15       1.331449147034e-14 
  308       1.408481212716e-15       3.324654508950e-15       1.317956078372e-14 
  309       1.394008827839e-15       3.291190189334e-15       1.304636485027e-14 
  310       1.379714050910e-15       3.258135215314e-15       1.291482580852e-14 
  311       1.365588346477e-15       3.225469833187e-15       1.278486252026e-14 
  312       1.351624425596e-15       3.193177174681e-15       1.265640566514e-14 
  313       1.337821116836e-15       3.161254532230e-15       1.252944386151e-14 
  314       1.324178714906e-15       3.129702592104e-15       1.240397962560e-14 
  315       1.310697402298e-15       3.098521780836e-15       1.228001442707e-14 
  316       1.297377247974e-15       3.067712262209e-15       1.215754867692e-14 
  317       1.284218206073e-15       3.037273934244e-15       1.203658171537e-14 
  318       1.271220114606e-15       3.007206426182e-15       1.191711179971e-14 
  319       1.258382694154e-15       2.977509095470e-15       1.179913609222e-14 
  320       1.245705546566e-15       2.948181024748e-15       1.168265064805e-14 
  321       1.233188153660e-15       2.919221018835e-15       1.156765040309e-14 
  322       1.220829875919e-15       2.890627601713e-15       1.145412916185e-14 
  323       1.208629951191e-15       2.862399013514e-15       1.134207958536e-14 
  324       1.196587493385e-15       2.834533207504e-15       1.123149317903e-14 
  325       1.184701491172e-15       2.807027847071e-15       1.112236028058e-14 
  326       1.172970806684e-15       2.779880302706e-15       1.101467004786e-14 
  327       1.161394174207e-15       2.753087648995e-15       1.090841044678e-14 
  328       1.149970198887e-15       2.726646661600e-15       1.080356823917e-14 
  329       1.138697355422e-15       2.700553814245e-15       1.070012897067e-14 
  330       1.127573986764e-15       2.674805275705e-15       1.059807695864e-14 
  331       1.116598302816e-15       2.649396906786e-15       1.049739527998e-14 
  332       1.105768379132e-15       2.624324257316e-15       1.039806575907e-14 
  333       1.095082155613e-15       2.599582563126e-15       1.030006895564e-14 
  334       1.084537435205e-15       2.575166743040e-15       1.020338415264e-14 
  335       1.074131882603e-15       2.551071395859e-15       1.010798934413e-14 
  336       1.063863022943e-15       2.527290797342e-15       1.001386122317e-14 
  337       1.053728240501e-15       2.503818897201e-15       9.920975169691e-15 
  338       1.043724777396e-15       2.480649316076e-15       9.829305238394e-15 
  339       1.033849732285e-15       2.457775342530e-15       9.738824146617e-15 
  340       1.024100059062e-15       2.435189930029e-15       9.649503262228e-15 
  341       1.014472565554e-15       2.412885693928e-15       9.561312591507e-15 
  342       1.004963912225e-15       2.390854908459e-15       9.474220767027e-15 
  343       9.955706108689e-16       2.369089503714e-15       9.388195035538e-15 
  344       9.862890233119e-16       2.347581062633e-15       9.303201245853e-15 
  345       9.771153601077e-16       2.326320817988e-15       9.219203836729e-15 
  346       9.680456792380e-16       2.305299649368e-15       9.136165824750e-15 
  347       9.590758848100e-16       2.284508080167e-15       9.054048792210e-15 
  348       9.502017257552e-16       2.263936274567e-15       8.972812874998e-15 
  349       9.414195764052e-16       2.243575846104e-15       8.892424062112e-15 
  350       9.327288166683e-16       2.223425372436e-15       8.812876453640e-15 
  351       9.241295481703e-16       2.203485103739e-15       8.734170903585e-15 
  352       9.156218207665e-16       2.183755170571e-15       8.656307786746e-15 
  353       9.072056320077e-16       2.164235582634e-15       8.579286993785e-15 
  354       8.988809266069e-16       2.144926227539e-15       8.503107926288e-15 
  355       8.906475959062e-16       2.125826869576e-15       8.427769491837e-15 
  356       8.825054773428e-16       2.106937148473e-15       8.353270099071e-15 
  357       8.744543539159e-16       2.088256578167e-15       8.279607652759e-15 
  358       8.664939536527e-16       2.069784545564e-15       8.206779548858e-15 
  359       8.586239490756e-16       2.051520309309e-15       8.134782669585e-15 
  360       8.508439566682e-16       2.033462998549e-15       8.063613378484e-15 
  361       8.431535363421e-16       2.015611611698e-15       7.993267515487e-15 
  362       8.355521909030e-16       1.997965015202e-15       7.923740391984e-15 
  363       8.280393655178e-16       1.980521942307e-15       7.855026785888e-15 
  364       8.206144471808e-16       1.963280991821e-15       7.787120936704e-15 
  365       8.132767641799e-16       1.946240626881e-15       7.720016540590e-15 
  366       8.060255855638e-16       1.929399173717e-15       7.653706745428e-15 
  367       7.988601206080e-16       1.912754820421e-15       7.588184145887e-15 
  368       7.917795182814e-16       1.896305615707e-15       7.523440778493e-15 
  369       7.847828667131e-16       1.880049467679e-15       7.459468116692e-15 
  370       7.778691926585e-16       1.863984142598e-15       7.396257065915e-15 
  371       7.710374609660e-16       1.848107263642e-15       7.333797958649e-15 
  372       7.642865740435e-16       1.832416309678e-15       7.272080549500e-15 
  373       7.576153713252e-16       1.816908614022e-15       7.211094010260e-15 
  374       7.510226287375e-16       1.801581363208e-15       7.150826924973e-15 
  375       7.445070581660e-16       1.786431595749e-15       7.091267285001e-15 
  376       7.380673069219e-16       1.771456200907e-15       7.032402484091e-15 
  377       7.317019572084e-16       1.756651917454e-15       6.974219313443e-15 
  378       7.254095255874e-16       1.742015332443e-15       6.916703956770e-15 
  379       7.191884624457e-16       1.727542879965e-15       6.859841985371e-15 
  380       7.130371514619e-16       1.713230839923e-15       6.803618353196e-15 
  381       7.069539090728e-16       1.699075336791e-15       6.748017391908e-15 
  382       7.009369839396e-16       1.685072338381e-15       6.693022805953e-15 
  383       6.949845564149e-16       1.671217654611e-15       6.638617667628e-15 
  384       6.890947380088e-16       1.657506936267e-15       6.584784412140e-15 
  385       6.832655708556e-16       1.643935673769e-15       6.531504832681e-15 
  386       6.774950271804e-16       1.630499195937e-15       6.478760075488e-15 
  387       6.717810087655e-16       1.617192668757e-15       6.426530634912e-15 
  388       6.661217212996e-16       1.604011959953e-15       6.374799830568e-15 
  389       6.605168139522e-16       1.590956270896e-15       6.323564392243e-15 
  390       6.549662813789e-16       1.578025600723e-15       6.272824261242e-15 
  391       6.494700924533e-16       1.565219888869e-15       6.222579141897e-15 
  392       6.440281900312e-16       1.552539014525e-15       6.172828499401e-15 
  393       6.386404907153e-16       1.539982796090e-15       6.123571557646e-15 
  394       6.333068846198e-16       1.527550990624e-15       6.074807297056e-15 
  395       6.280272351351e-16       1.515243293302e-15       6.026534452418e-15 
  396       6.228013786921e-16       1.503059336867e-15       5.978751510725e-15 
  397       6.176291245269e-16       1.490998691086e-15       5.931456709001e-15 
  398       6.125102544454e-16       1.479060862200e-15       5.884648032143e-15 
  399       6.074445225880e-16       1.467245292383e-15       5.838323210754e-15 
  400       6.024316551936e-16       1.455551359189e-15       5.792479718975e-15 
  401       5.974713503650e-16       1.443978375011e-15       5.747114772323e-15 
  402       5.925632778327e-16       1.432525586531e-15       5.702225325524e-15 
  403       5.877070787201e-16       1.421192174178e-15       5.657808070347e-15 
  404       5.829023653074e-16       1.409977251577e-15       5.613859433442e-15 
  405       5.781487207969e-16       1.398879865005e-15       5.570375574171e-15 
  406       5.734456990770e-16       1.387898992845e-15       5.527352382444e-15 
  407       5.687928244869e-16       1.377033545038e-15       5.484785476555e-15 
  408       5.641895915816e-16       1.366282362539e-15       5.442670201015e-15 
  409       5.596354648956e-16       1.355644216767e-15       5.401001624388e-15 
  410       5.551298787085e-16       1.345117809064e-15       5.359774537124e-15 
  411       5.506722368085e-16       1.334701770143e-15       5.318983449396e-15 
  412       5.462619122580e-16       1.324394659547e-15       5.278622588932e-15 
  413       5.418982471573e-16       1.314194965096e-15       5.238685898853e-15 
  414       5.375805524097e-16       1.304101102349e-15       5.199167035504e-15 
  415       5.333081074860e-16       1.294111414051e-15       5.160059366294e-15 
  416       5.290801601889e-16       1.284224169588e-15       5.121355967523e-15 
  417       5.248959264174e-16       1.274437564443e-15       5.083049622224e-15 
  418       5.207545899321e-16       1.264749719648e-15       5.045132817994e-15 
  419       5.166553021188e-16       1.255158681238e-15       5.007597744829e-15 
  420       5.125971817538e-16       1.245662419705e-15       4.970436292961e-15 
  421       5.085793147683e-16       1.236258829449e-15       4.933640050689e-15 
  422       5.046007540125e-16       1.226945728237e-15       4.897200302217e-15 
  423       5.006605190210e-16       1.217720856651e-15       4.861108025485e-15 
  424       4.967575957766e-16       1.208581877545e-15       4.825353890010e-15 
  425       4.928909364754e-16       1.199526375499e-15       4.789928254713e-15 
  426       4.890594592908e-16       1.190551856270e-15       4.754821165759e-15 
  427       4.852622353392e-16       1.181656179563e-15       4.720024079623e-15 
  428       4.814990570593e-16       1.172838874671e-15       4.685535101256e-15 
  429       4.777698887072e-16       1.164099868521e-15       4.651353919875e-15 
  430       4.740746807903e-16       1.155439056142e-15       4.617480098799e-15 
  431       4.704133699551e-16       1.146856300401e-15       4.583913074422e-15 
  432       4.667858788748e-16       1.138351431744e-15       4.550652155173e-15 
  433       4.631921161366e-16       1.129924247933e-15       4.517696520491e-15 
  434       4.596319761292e-16       1.121574513784e-15       4.485045219787e-15 
  435       4.561053389304e-16       1.113301960905e-15       4.452697171417e-15 
  436       4.526120701945e-16       1.105106287435e-15       4.420651161643e-15 
  437       4.491520210397e-16       1.096987157783e-15       4.388905843606e-15 
  438       4.457250279358e-16       1.088944202361e-15       4.357459736290e-15 
  439       4.423309125915e-16       1.080977017330e-15       4.326311223493e-15 
  440       4.389694818421e-16       1.073085164334e-15       4.295458552790e-15 
  441       4.356405275367e-16       1.065268170235e-15       4.264899834505e-15 
  442       4.323438264258e-16       1.057525526857e-15       4.234633040675e-15 
  443       4.290791400489e-16       1.049856690723e-15       4.204656004021e-15 
  444       4.258462146219e-16       1.042261082791e-15       4.174966416911e-15 
  445       4.226447809244e-16       1.034738088191e-15       4.145561830332e-15 
  446       4.194745541878e-16       1.027287055967e-15       4.116439652854e-15 
  447       4.163352339818e-16       1.019907298816e-15       4.087597149602e-15 
  448       4.132265041029e-16       1.012598092819e-15       4.059031441217e-15 
  449       4.101480324611e-16       1.005358677186e-15       4.030739502829e-15 
  450       4.070994709679e-16       9.981882539939e-16       4.002718163024e-15 
  451       4.040804554236e-16       9.910859879199e-16       3.974964102808e-15 
  452       4.010906054047e-16       9.840510059841e-16       3.947473854578e-15 
  453       3.981295241515e-16       9.770823972857e-16       3.920243801087e-15 
  454       3.951967984554e-16       9.701792127418e-16       3.893270174415e-15 
  455       3.922919985469e-16       9.633404648257e-16       3.866549054932e-15 
  456       3.894146779824e-16       9.565651273042e-16       3.840076370268e-15 
  457       3.865643735321e-16       9.498521349770e-16       3.813847894283e-15 
  458       3.837406050674e-16       9.432003834140e-16       3.787859246030e-15 
  459       3.809428754484e-16       9.366087286936e-16       3.762105888722e-15 
  460       3.781706704114e-16       9.300759871414e-16       3.736583128707e-15 
  461       3.754234584563e-16       9.236009350677e-16       3.711286114427e-15 
  462       3.727006907340e-16       9.171823085061e-16       3.686209835390e-15 
  463       3.700018009343e-16       9.108188029516e-16       3.661349121136e-15 
  464       3.673262051730e-16       9.045090730986e-16       3.636698640205e-15 
  465       3.646733018793e-16       8.982517325795e-16       3.612252899106e-15 
  466       3.620425726082e-16       8.920455874994e-16       3.588007166783e-15 
  467       3.594338881663e-16       8.858903455937e-16       3.563960281868e-15 
  468       3.568472118150e-16       8.797859286803e-16       3.540111930981e-15 
  469       3.542824991530e-16       8.737322407303e-16       3.516461730625e-15 
  470       3.517396980591e-16       8.677291677348e-16       3.493009226664e-15 
  471       3.492187486354e-16       8.617765775721e-16       3.469753893799e-15 
  472       3.467195831507e-16       8.558743198750e-16       3.446695135050e-15 
  473       3.442421259834e-16       8.500222258976e-16       3.423832281228e-15 
  474       3.417862935646e-16       8.442201083825e-16       3.401164590418e-15 
  475       3.393519943212e-16       8.384677614281e-16       3.378691247455e-15 
  476       3.369391286196e-16       8.327649603554e-16       3.356411363401e-15 
  477       3.345475887079e-16       8.271114615751e-16       3.334323975023e-15 
  478       3.321772586598e-16       8.215070024550e-16       3.312428044275e-15 
  479       3.298280143174e-16       8.159513011869e-16       3.290722457768e-15 
  480       3.274997232345e-16       8.104440566537e-16       3.269206026254e-15 
  481       3.251922446194e-16       8.049849482964e-16       3.247877484102e-15 
  482       3.229054292785e-16       7.995736359814e-16       3.226735488778e-15 
  483       3.206391195591e-16       7.942097598676e-16       3.205778620317e-15 
  484       3.183931492927e-16       7.888929402733e-16       3.185005380807e-15 
  485       3.161673437382e-16       7.836227775434e-16       3.164414193864e-15 
  486       3.139615195246e-16       7.783988519165e-16       3.144003404111e-15 
  487       3.117754845947e-16       7.732207233920e-16       3.123771276654e-15 
  488       3.096090381481e-16       7.680879315974e-16       3.103715996562e-15 
  489       3.074619705839e-16       7.629999956548e-16       3.083835668344e-15 
  490       3.053340634445e-16       7.579564140488e-16       3.064128315426e-15 
  491       3.032250893582e-16       7.529566644930e-16       3.044591879630e-15 
  492       3.011348119827e-16       7.480002037973e-16       3.025224220653e-15 
  493       2.990629859478e-16       7.430864677349e-16       3.006023115540e-15 
  494       2.970093567992e-16       7.382148709097e-16       2.986986258170e-15 
  495       2.949736609409e-16       7.333848066231e-16       2.968111258724e-15 
  496       2.929556255790e-16       7.285956467412e-16       2.949395643171e-15 
  497       2.909549686644e-16       7.238467415617e-16       2.930836852743e-15 
  498       2.889713988358e-16       7.191374196814e-16       2.912432243411e-15 
  499       2.870046153636e-16       7.144669878630e-16       2.894179085367e-15 
  500       2.850543080922e-16       7.098347309024e-16       2.876074562495e-15 
  501       2.831201573835e-16       7.052399114954e-16       2.858115771859e-15 
  502       2.812018340601e-16       7.006817701054e-16       2.840299723170e-15 
  503       2.792989993483e-16       6.961595248299e-16       2.822623338272e-15 
  504       2.774113048214e-16       6.916723712680e-16       2.805083450617e-15 
  505       2.755384489131e-16       6.872196138484e-16       2.787677322416e-15 
  506       2.736803483659e-16       6.828010642440e-16       2.770404213560e-15 
  507       2.718369716096e-16       6.784166541733e-16       2.753263856867e-15 
  508       2.700082826081e-16       6.740663049066e-16       2.736255944222e-15 
  509       2.681942408285e-16       6.697499271942e-16       2.719380126296e-15 
  510       2.663948012109e-16       6.654674211961e-16       2.702636012265e-15 
  511       2.646099141380e-16       6.612186764101e-16       2.686023169533e-15 
  512       2.628395254054e-16       6.570035716009e-16       2.669541123454e-15 
  513       2.610835761904e-16       6.528219747292e-16       2.653189357049e-15 
  514       2.593420030224e-16       6.486737428802e-16       2.636967310731e-15 
  515       2.576147377523e-16       6.445587221924e-16       2.620874382023e-15 
  516       2.559017075222e-16       6.404767477866e-16       2.604909925282e-15 
  517       2.542028347353e-16       6.364276436948e-16       2.589073251416e-15 
  518       2.525180370255e-16       6.324112227888e-16       2.573363627610e-15 
  519       2.508472272268e-16       6.284272867093e-16       2.557780277043e-15 
  520       2.491903133435e-16       6.244756257945e-16       2.542322378608e-15 
  521       2.475471985197e-16       6.205560190091e-16       2.526989066638e-15 
  522       2.459177810089e-16       6.166682338729e-16       2.511779430624e-15 
  523       2.443019541437e-16       6.128120263899e-16       2.496692514935e-15 
  524       2.426996063059e-16       6.089871409771e-16       2.481727318539e-15 
  525       2.411106208955e-16       6.051933103932e-16       2.466882794727e-15 
  526       2.395348763011e-16       6.014302556675e-16       2.452157850832e-15 
  527       2.379722458690e-16       5.976976860287e-16       2.437551347947e-15 
  528       2.364225978736e-16       5.939952988338e-16       2.423062100654e-15 
  529       2.348857954863e-16       5.903227794969e-16       2.408688876734e-15 
  530       2.333616967459e-16       5.866798014180e-16       2.394430396899e-15 
  531       2.318501545279e-16       5.830660259119e-16       2.380285334504e-15 
  532       2.303510165142e-16       5.794811021370e-16       2.366252315273e-15 
  533       2.288641251631e-16       5.759246670241e-16       2.352329917021e-15 
  534       2.273893176788e-16       5.723963452053e-16       2.338516669369e-15 
  535       2.259264259809e-16       5.688957489428e-16       2.324811053470e-15 
  536       2.244752766747e-16       5.654224780577e-16       2.311211501731e-15 
  537       2.230356910201e-16       5.619761198590e-16       2.297716397527e-15 
  538       2.216074849021e-16       5.585562490721e-16       2.284324074931e-15 
  539       2.201904688000e-16       5.551624277680e-16       2.271032818428e-15 
  540       2.187844477571e-16       5.517942052918e-16       2.257840862639e-15 
  541       2.173892213507e-16       5.484511181920e-16       2.244746392041e-15 
  542       2.160045836617e-16       5.451326901486e-16       2.231747540690e-15 
  543       2.146303232440e-16       5.418384319029e-16       2.218842391939e-15 
  544       2.132662563489e-16       5.385679187313e-16       2.206029282560e-15 
  545       2.119123276350e-16       5.353210252934e-16       2.193307724617e-15 
  546       2.105685120935e-16       5.320976969283e-16       2.180677507711e-15 
  547       2.092347820204e-16       5.288978726375e-16       2.168138396657e-15 
  548       2.079111070000e-16       5.257214850448e-16       2.155690131326e-15 
  549       2.065974538883e-16       5.225684603569e-16       2.143332426493e-15 
  550       2.052937867954e-16       5.194387183237e-16       2.131064971677e-15 
  551       2.040000670697e-16       5.163321721980e-16       2.118887430989e-15 
  552       2.027162532801e-16       5.132487286963e-16       2.106799442973e-15 
  553       2.014423011996e-16       5.101882879585e-16       2.094800620453e-15 
  554       2.001781637887e-16       5.071507435087e-16       2.082890550373e-15 
  555       1.989237911781e-16       5.041359822149e-16       2.071068793648e-15 
  556       1.976791306520e-16       5.011438842494e-16       2.059334885000e-15 
  557       1.964441266314e-16       4.981743230491e-16       2.047688332810e-15 
  558       1.952187206574e-16       4.952271652758e-16       2.036128618954e-15 
  559       1.940028513737e-16       4.923022707760e-16       2.024655198656e-15 
  560       1.927964545105e-16       4.893994925416e-16       2.013267500326e-15 
  561       1.915994628674e-16       4.865186766699e-16       2.001964925404e-15 
  562       1.904118062965e-16       4.836596623238e-16       1.990746848210e-15 
  563       1.892334116854e-16       4.808222816921e-16       1.979612615780e-15 
  564       1.880642029408e-16       4.780063599497e-16       1.968561547718e-15 
  565       1.869041009713e-16       4.752117152177e-16       1.957592936035e-15 
  566       1.857530236707e-16       4.724381585240e-16       1.946706044995e-15 
  567       1.846108859013e-16       4.696854937628e-16       1.935900110958e-15 
  568       1.834775994766e-16       4.669535176558e-16       1.925174342227e-15 
  569       1.823530731451e-16       4.642420197114e-16       1.914527918889e-15 
  570       1.812372125729e-16       4.615507821858e-16       1.903959992661e-15 
  571       1.801299203271e-16       4.588795800425e-16       1.893469686733e-15 
  572       1.790310958593e-16       4.562281809131e-16       1.883056095614e-15 
  573       1.779406354879e-16       4.535963450571e-16       1.872718284974e-15 
  574       1.768584323822e-16       4.509838253224e-16       1.862455291489e-15 
  575       1.757843765449e-16       4.483903671055e-16       1.852266122687e-15 
  576       1.747183547957e-16       4.458157083113e-16       1.842149756788e-15 
  577       1.736602507542e-16       4.432595793140e-16       1.832105142552e-15 
  578       1.726099448230e-16       4.407217029168e-16       1.822131199123e-15 
  579       1.715673141712e-16       4.382017943124e-16       1.812226815869e-15 
  580       1.705322327173e-16       4.356995610429e-16       1.802390852232e-15 
  581       1.695045711124e-16       4.332147029604e-16       1.792622137569e-15 
  582       1.684841967233e-16       4.307469121871e-16       1.782919470994e-15 
  583       1.674709938060e-16       4.282959203686e-16       1.773281806413e-15 
  584       1.664649246123e-16       4.258616418112e-16       1.763708812997e-15 
  585       1.654659697766e-16       4.234440338420e-16       1.754200328398e-15 
  586       1.644741082538e-16       4.210430498162e-16       1.744756174745e-15 
  587       1.634893173099e-16       4.186586390937e-16       1.735376158550e-15 
  588       1.625115725121e-16       4.162907470166e-16       1.726060070616e-15 
  589       1.615408477189e-16       4.139393148853e-16       1.716807685952e-15 
  590       1.605771150711e-16       4.116042799361e-16       1.707618763677e-15 
  591       1.596203449812e-16       4.092855753177e-16       1.698493046932e-15 
  592       1.586705061241e-16       4.069831300681e-16       1.689430262789e-15 
  593       1.577275654276e-16       4.046968690916e-16       1.680430122161e-15 
  594       1.567914880622e-16       4.024267131358e-16       1.671492319709e-15 
  595       1.558622374316e-16       4.001725787682e-16       1.662616533756e-15 
  596       1.549397751631e-16       3.979343783533e-16       1.653802426191e-15 
  597       1.540240610978e-16       3.957120200293e-16       1.645049642384e-15 
  598       1.531150532806e-16       3.935054076853e-16       1.636357811090e-15 
  599       1.522127079509e-16       3.913144409379e-16       1.627726544362e-15 
  600       1.513169795328e-16       3.891390151082e-16       1.619155437460e-15 
  601       1.504278206249e-16       3.869790211987e-16       1.610644068759e-15 
  602       1.495451819915e-16       3.848343458701e-16       1.602191999661e-15 
  603       1.486690125518e-16       3.827048714185e-16       1.593798774502e-15 
  604       1.477992593710e-16       3.805904757517e-16       1.585463920461e-15 
  605       1.469358676503e-16       3.784910323666e-16       1.577186947472e-15 
  606       1.460787807170e-16       3.764064103260e-16       1.568967348132e-15 
  607       1.452279400151e-16       3.743364742353e-16       1.560804597610e-15 
  608       1.443832850955e-16       3.722810842195e-16       1.552698153559e-15 
  609       1.435447536058e-16       3.702400959003e-16       1.544647456019e-15 
  610       1.427122812816e-16       3.682133603725e-16       1.536651927337e-15 
  611       1.418858019356e-16       3.662007241813e-16       1.528710972065e-15 
  612       1.410652474487e-16       3.642020292991e-16       1.520823976878e-15 
  613       1.402505477601e-16       3.622171131023e-16       1.512990310479e-15 
  614       1.394416308573e-16       3.602458083482e-16       1.505209323509e-15 
  615       1.386384227666e-16       3.582879431520e-16       1.497480348459e-15 
  616       1.378408475435e-16       3.563433409636e-16       1.489802699575e-15 
  617       1.370488272628e-16       3.544118205444e-16       1.482175672773e-15 
  618       1.362622820088e-16       3.524931959445e-16       1.474598545543e-15 
  619       1.354811298658e-16       3.505872764792e-16       1.467070576862e-15 
  620       1.347052869082e-16       3.486938667061e-16       1.459591007101e-15 
  621       1.339346671908e-16       3.468127664021e-16       1.452159057938e-15 
  622       1.331691954129e-16       3.449438003668e-16       1.444774048846e-15 
  623       1.324088452549e-16       3.430869086468e-16       1.437435749752e-15 
  624       1.316536019205e-16       3.412420583798e-16       1.430144036460e-15 
  625       1.309034495383e-16       3.394092141446e-16       1.422898774766e-15 
  626       1.301583711565e-16       3.375883379475e-16       1.415699820400e-15 
  627       1.294183487365e-16       3.357793892085e-16       1.408547018974e-15 
  628       1.286833631474e-16       3.339823247475e-16       1.401440205925e-15 
  629       1.279533941604e-16       3.321970987701e-16       1.394379206463e-15 
  630       1.272284204426e-16       3.304236628540e-16       1.387363835515e-15 
  631       1.265084195515e-16       3.286619659351e-16       1.380393897671e-15 
  632       1.257933679292e-16       3.269119542934e-16       1.373469187130e-15 
  633       1.250832408962e-16       3.251735715395e-16       1.366589487644e-15 
  634       1.243780126462e-16       3.234467586003e-16       1.359754572466e-15 
  635       1.236776562400e-16       3.217314537057e-16       1.352964204293e-15 
  636       1.229821435995e-16       3.200275923739e-16       1.346218135215e-15 
  637       1.222914455024e-16       3.183351073983e-16       1.339516106655e-15 
  638       1.216055315759e-16       3.166539288334e-16       1.332857849321e-15 
  639       1.209243702912e-16       3.149839839806e-16       1.326243083145e-15 
  640       1.202479289576e-16       3.133251973747e-16       1.319671517235e-15 
  641       1.195761737170e-16       3.116774907699e-16       1.313142849817e-15 
  642       1.189090695373e-16       3.100407831259e-16       1.306656768178e-15 
  643       1.182465802077e-16       3.084149905941e-16       1.300212948618e-15 
  644       1.175886683321e-16       3.068000265036e-16       1.293811056391e-15 
  645       1.169352953234e-16       3.051958013474e-16       1.287450745652e-15 
  646       1.162864213981e-16       3.036022227687e-16       1.281131659400e-15 
  647       1.156420055701e-16       3.020191955466e-16       1.274853429428e-15 
  648       1.150020056451e-16       3.004466215826e-16       1.268615676266e-15 
  649       1.143663782149e-16       2.988843998867e-16       1.262418009127e-15 
  650       1.137350786512e-16       2.973324265632e-16       1.256260025850e-15 
  651       1.131080611003e-16       2.957905947973e-16       1.250141312850e-15 
  652       1.124852784769e-16       2.942587948408e-16       1.244061445062e-15 
  653       1.118666824586e-16       2.927369139986e-16       1.238019985884e-15 
  654       1.112522234798e-16       2.912248366143e-16       1.232016487126e-15 
  655       1.106418507264e-16       2.897224440571e-16       1.226050488953e-15 
  656       1.100355121294e-16       2.882296147070e-16       1.220121519833e-15 
  657       1.094331543594e-16       2.867462239418e-16       1.214229096479e-15 
  658       1.088347228210e-16       2.852721441227e-16       1.208372723799e-15 
  659       1.082401616465e-16       2.838072445805e-16       1.202551894838e-15 
  660       1.076494136907e-16       2.823513916019e-16       1.196766090724e-15 
  661       1.070624286877e-16       2.809044677314e-16       1.191014856125e-15 
  662       1.064791879321e-16       2.794664301743e-16       1.185298027541e-15 
  663       1.058996801311e-16       2.780372536538e-16       1.179615509940e-15 
  664       1.053238932864e-16       2.766169112040e-16       1.173967201666e-15 
  665       1.047518146914e-16       2.752053741605e-16       1.168352994407e-15 
  666       1.041834309271e-16       2.738026121523e-16       1.162772773162e-15 
  667       1.036187278589e-16       2.724085930929e-16       1.157226416209e-15 
  668       1.030576906329e-16       2.710232831720e-16       1.151713795066e-15 
  669       1.025003036721e-16       2.696466468468e-16       1.146234774462e-15 
  670       1.019465506734e-16       2.682786468334e-16       1.140789212301e-15 
  671       1.013964146035e-16       2.669192440983e-16       1.135376959630e-15 
  672       1.008498776956e-16       2.655683978496e-16       1.129997860603e-15 
  673       1.003069214458e-16       2.642260655288e-16       1.124651752448e-15 
  674       9.976752660955e-17       2.628922028019e-16       1.119338465435e-15 
  675       9.923167319818e-17       2.615667635511e-16       1.114057822841e-15 
  676       9.869934047513e-17       2.602496998657e-16       1.108809640913e-15 
  677       9.817050695252e-17       2.589409620343e-16       1.103593728841e-15 
  678       9.764515038763e-17       2.576404985356e-16       1.098409888720e-15 
  679       9.712324777926e-17       2.563482560300e-16       1.093257915515e-15 
  680       9.660477536420e-17       2.550641793512e-16       1.088137597031e-15 
  681       9.608970861370e-17       2.537882114973e-16       1.083048713876e-15 
  682       9.557802222987e-17       2.525202936225e-16       1.077991039429e-15 
  683       9.506969014216e-17       2.512603650284e-16       1.072964339807e-15 
  684       9.456468550375e-17       2.500083631556e-16       1.067968373829e-15 
  685       9.406298068805e-17       2.487642235746e-16       1.063002892983e-15 
  686       9.356454728510e-17       2.475278799779e-16       1.058067641393e-15 
  687       9.306935609805e-17       2.462992641710e-16       1.053162355786e-15 
  688       9.257737713956e-17       2.450783060640e-16       1.048286765456e-15 
  689       9.208857962825e-17       2.438649336629e-16       1.043440592231e-15 
  690       9.160293198519e-17       2.426590730611e-16       1.038623550440e-15 
  691       9.112040183027e-17       2.414606484307e-16       1.033835346880e-15 
  692       9.064095597870e-17       2.402695820142e-16       1.029075680779e-15 
  693       9.016456043741e-17       2.390857941157e-16       1.024344243765e-15 
  694       8.969118040152e-17       2.379092030922e-16       1.019640719834e-15 
  695       8.922078025078e-17       2.367397253455e-16       1.014964785311e-15 
  696       8.875332354599e-17       2.355772753130e-16       1.010316108819e-15 
  697       8.828877302547e-17       2.344217654596e-16       1.005694351248e-15 
  698       8.782709060147e-17       2.332731062691e-16       1.001099165716e-15 
  699       8.736823735665e-17       2.321312062351e-16       9.965301975389e-16 
  700       8.691217892729e-17       2.309959846773e-16       9.919871343625e-16 
  701       8.645890178332e-17       2.298674104976e-16       9.874698577739e-16 
  702       8.600839728036e-17       2.287454642141e-16       9.829782947814e-16 
  703       8.556065630144e-17       2.276301252042e-16       9.785123679123e-16 
  704       8.511566925471e-17       2.265213717000e-16       9.740719951914e-16 
  705       8.467342607123e-17       2.254191807819e-16       9.696570901197e-16 
  706       8.423391620272e-17       2.243235283738e-16       9.652675616525e-16 
  707       8.379712861931e-17       2.232343892375e-16       9.609033141783e-16 
  708       8.336305180734e-17       2.221517369671e-16       9.565642474973e-16 
  709       8.293167376704e-17       2.210755439839e-16       9.522502567997e-16 
  710       8.250298201037e-17       2.200057815304e-16       9.479612326445e-16 
  711       8.207696355875e-17       2.189424196655e-16       9.436970609377e-16 
  712       8.165360494079e-17       2.178854272587e-16       9.394576229110e-16 
  713       8.123289219009e-17       2.168347719846e-16       9.352427951004e-16 
  714       8.081481084299e-17       2.157904203176e-16       9.310524493244e-16 
  715       8.039934593631e-17       2.147523375266e-16       9.268864526629e-16 
  716       7.998648200513e-17       2.137204876693e-16       9.227446674357e-16 
  717       7.957620308054e-17       2.126948335868e-16       9.186269511804e-16 
  718       7.916849268739e-17       2.116753368982e-16       9.145331566318e-16 
  719       7.876333384207e-17       2.106619579953e-16       9.104631316999e-16 
  720       7.836070905027e-17       2.096546560369e-16       9.064167194483e-16 
  721       7.796060030471e-17       2.086533889436e-16       9.023937580733e-16 
  722       7.756298908292e-17       2.076581133922e-16       8.983940808818e-16 
  723       7.716785634501e-17       2.066687848102e-16       8.944175162700e-16 
  724       7.677518253140e-17       2.056853573706e-16       8.904638877024e-16 
  725       7.638494756060e-17       2.047077839863e-16       8.865330136893e-16 
  726       7.599713082697e-17       2.037360163047e-16       8.826247077665e-16 
  727       7.561171119846e-17       2.027700047023e-16       8.787387784729e-16 
  728       7.522866701441e-17       2.018096982789e-16       8.748750293294e-16 
  729       7.484797608324e-17       2.008550448528e-16       8.710332588175e-16 
  730       7.446961568029e-17       1.999059909549e-16       8.672132603575e-16 
  731       7.409356254551e-17       1.989624818233e-16       8.634148222876e-16 
  732       7.371979288128e-17       1.980244613981e-16       8.596377278415e-16 
  733       7.334828235012e-17       1.970918723157e-16       8.558817551278e-16 
  734       7.297900607246e-17       1.961646559033e-16       8.521466771080e-16 
  735       7.261193862442e-17       1.952427521740e-16       8.484322615754e-16 
  736       7.224705403556e-17       1.943260998205e-16       8.447382711332e-16 
  737       7.188432578663e-17       1.934146362105e-16       8.410644631733e-16 
  738       7.152372680732e-17       1.925082973808e-16       8.374105898547e-16 
  739       7.116523310822e-17       1.916070267328e-16       8.337764321658e-16 
  740       7.080883475975e-17       1.907108013183e-16       8.301619028929e-16 
  741       7.045452512543e-17       1.898196060620e-16       8.265669456412e-16 
  742       7.010229724598e-17       1.889334251037e-16       8.229915009216e-16 
  743       6.975214383780e-17       1.880522417951e-16       8.194355061365e-16 
  744       6.940405729158e-17       1.871760386957e-16       8.158988955659e-16 
  745       6.905802967083e-17       1.863047975701e-16       8.123816003530e-16 
  746       6.871405271043e-17       1.854384993838e-16       8.088835484909e-16 
  747       6.837211781523e-17       1.845771242998e-16       8.054046648078e-16 
  748       6.803221605855e-17       1.837206516754e-16       8.019448709538e-16 
  749       6.769433818077e-17       1.828690600581e-16       7.985040853861e-16 
  750       6.735847458788e-17       1.820223271827e-16       7.950822233557e-16 
  751       6.702461535005e-17       1.811804299674e-16       7.916791968928e-16 
  752       6.669275020015e-17       1.803433445100e-16       7.882949147934e-16 
  753       6.636286853235e-17       1.795110460852e-16       7.849292826048e-16 
  754       6.603495940064e-17       1.786835091402e-16       7.815822026118e-16 
  755       6.570901151741e-17       1.778607072916e-16       7.782535738226e-16 
  756       6.538501325201e-17       1.770426133220e-16       7.749432919550e-16 
  757       6.506295262928e-17       1.762291991760e-16       7.716512494222e-16 
  758       6.474281732813e-17       1.754204359570e-16       7.683773353188e-16 
  759       6.442459468009e-17       1.746162939238e-16       7.651214354071e-16 
  760       6.410827166787e-17       1.738167424866e-16       7.618834321025e-16 
  761       6.379383492391e-17       1.730217502039e-16       7.586632044602e-16 
  762       6.348127072893e-17       1.722312847788e-16       7.554606281607e-16 
  763       6.317056501051e-17       1.714453130554e-16       7.522755754958e-16 
  764       6.286170334164e-17       1.706638010154e-16       7.491079153550e-16 
  765       6.255467093924e-17       1.698867137745e-16       7.459575132112e-16 
  766       6.224945266278e-17       1.691140155789e-16       7.428242311065e-16 
  767       6.194603301278e-17       1.683456698018e-16       7.397079276387e-16 
  768       6.164439612939e-17       1.675816389396e-16       7.366084579470e-16 
  769       6.134452579097e-17       1.668218846088e-16       7.335256736979e-16 
  770       6.104640541260e-17       1.660663675421e-16       7.304594230713e-16 
  771       6.075001804466e-17       1.653150475853e-16       7.274095507469e-16 
  772       6.045534637140e-17       1.645678836931e-16       7.243758978893e-16 
  773       6.016237270948e-17       1.638248339263e-16       7.213583021348e-16 
  774       5.987107900652e-17       1.630858554477e-16       7.183565975771e-16 
  775       5.958144683967e-17       1.623509045188e-16       7.153706147533e-16 
  776       5.929345741416e-17       1.616199364964e-16       7.124001806299e-16 
  777       5.900709156188e-17       1.608929058289e-16       7.094451185888e-16 
  778       5.872233223438e-17       1.601697720652e-16       7.065052720219e-16 
  779       5.843917203626e-17       1.594505180124e-16       7.035805756287e-16 
  780       5.815760583021e-17       1.587351319120e-16       7.006709854278e-16 
  781       5.787762825438e-17       1.580236014553e-16       6.977764552607e-16 
  782       5.759923372145e-17       1.573159137815e-16       6.948969367818e-16 
  783       5.732241641763e-17       1.566120554753e-16       6.920323794494e-16 
  784       5.704717030176e-17       1.559120125644e-16       6.891827305163e-16 
  785       5.677348910434e-17       1.552157705172e-16       6.863479350206e-16 
  786       5.650136632658e-17       1.545233142407e-16       6.835279357763e-16 
  787       5.623079523945e-17       1.538346280779e-16       6.807226733637e-16 
  788       5.596176888274e-17       1.531496958054e-16       6.779320861204e-16 
  789       5.569428006411e-17       1.524685006314e-16       6.751561101322e-16 
  790       5.542832135812e-17       1.517910251929e-16       6.723946792230e-16 
  791       5.516388510530e-17       1.511172515539e-16       6.696477249461e-16 
  792       5.490096341119e-17       1.504471612024e-16       6.669151765748e-16 
  793       5.463954814542e-17       1.497807350488e-16       6.641969610929e-16 
  794       5.437963094072e-17       1.491179534229e-16       6.614930031853e-16 
  795       5.412120319198e-17       1.484587960720e-16       6.588032252291e-16 
  796       5.386425605532e-17       1.478032421583e-16       6.561275472837e-16 
  797       5.360878044712e-17       1.471512702567e-16       6.534658870818e-16 
  798       5.335476704310e-17       1.465028583525e-16       6.508181600202e-16 
  799       5.310220627733e-17       1.458579838388e-16       6.481842791502e-16 
  800       5.285108834129e-17       1.452166235144e-16       6.455641551682e-16 
  801       5.260140318297e-17       1.445787535815e-16       6.429576964069e-16 
  802       5.235314050585e-17       1.439443496431e-16       6.403648088252e-16 
  803       5.210628976798e-17       1.433133867009e-16       6.377853959996e-16 
  804       5.186084018106e-17       1.426858391528e-16       6.352193591143e-16 
  805       5.161678070943e-17       1.420616807907e-16       6.326665969524e-16 
  806       5.137410006918e-17       1.414408847980e-16       6.301270058861e-16 
  807       5.113278672717e-17       1.408234237474e-16       6.276004798675e-16 
  808       5.089282890007e-17       1.402092695985e-16       6.250869104197e-16 
  809       5.065421455344e-17       1.395983936954e-16       6.225861866266e-16 
  810       5.041693140076e-17       1.389907667646e-16       6.200981951245e-16 
  811       5.018096690248e-17       1.383863589121e-16       6.176228200921e-16 
  812       4.994630826511e-17       1.377851396219e-16       6.151599432416e-16 
  813       4.971294244019e-17       1.371870777528e-16       6.127094438091e-16 
  814       4.948085612342e-17       1.365921415367e-16       6.102711985453e-16 
  815       4.925003575367e-17       1.360002985759e-16       6.078450817064e-16 
  816       4.902046751205e-17       1.354115158410e-16       6.054309650444e-16 
  817       4.879213907175e-17       1.348257639175e-16       6.030287345391e-16 
  818       4.856504488393e-17       1.342430298351e-16       6.006383409384e-16 
  819       4.833918098435e-17       1.336633044631e-16       5.982597501021e-16 
  820       4.811454325054e-17       1.330865782802e-16       5.958929263366e-16 
  821       4.789112740112e-17       1.325128413732e-16       5.935378323882e-16 
  822       4.766892899517e-17       1.319420834353e-16       5.911944294372e-16 
  823       4.744794343159e-17       1.313742937642e-16       5.888626770912e-16 
  824       4.722816594851e-17       1.308094612612e-16       5.865425333791e-16 
  825       4.700959162259e-17       1.302475744290e-16       5.842339547445e-16 
  826       4.679221536843e-17       1.296886213704e-16       5.819368960397e-16 
  827       4.657603193791e-17       1.291325897867e-16       5.796513105191e-16 
  828       4.636103591957e-17       1.285794669760e-16       5.773771498328e-16 
  829       4.614722173798e-17       1.280292398319e-16       5.751143640208e-16 
  830       4.593458365308e-17       1.274818948416e-16       5.728629015061e-16 
  831       4.572311575957e-17       1.269374180845e-16       5.706227090885e-16 
  832       4.551281198626e-17       1.263957952306e-16       5.683937319386e-16 
  833       4.530366609545e-17       1.258570115389e-16       5.661759135912e-16 
  834       4.509567168226e-17       1.253210518558e-16       5.639691959390e-16 
  835       4.488882217405e-17       1.247879006135e-16       5.617735192262e-16 
  836       4.468311082974e-17       1.242575418287e-16       5.595888220424e-16 
  837       4.447853073919e-17       1.237299591005e-16       5.574150413163e-16 
  838       4.427507482257e-17       1.232051356093e-16       5.552521123091e-16 
  839       4.407273582972e-17       1.226830541150e-16       5.530999686081e-16 
  840       4.387150633950e-17       1.221636969554e-16       5.509585421211e-16 
  841       4.367137875918e-17       1.216470460448e-16       5.488277630691e-16 
  842       4.347234532380e-17       1.211330828720e-16       5.467075599807e-16 
  843       4.327439809553e-17       1.206217884995e-16       5.445978596856e-16 
  844       4.307752896303e-17       1.201131435610e-16       5.424985873079e-16 
  845       4.288172964081e-17       1.196071282605e-16       5.404096662603e-16 
  846       4.268699166862e-17       1.191037223705e-16       5.383310182376e-16 
  847       4.249330641078e-17       1.186029052302e-16       5.362625632102e-16 
  848       4.230066505559e-17       1.181046557444e-16       5.342042194181e-16 
  849       4.210905861465e-17       1.176089523814e-16       5.321559033641e-16 
  850       4.191847792225e-17       1.171157731719e-16       5.301175298080e-16 
  851       4.172891363473e-17       1.166250957070e-16       5.280890117601e-16 
  852       4.154035622985e-17       1.161368971370e-16       5.260702604746e-16 
  853       4.135279600612e-17       1.156511541695e-16       5.240611854436e-16 
  854       4.116622308224e-17       1.151678430679e-16       5.220616943908e-16 
  855       4.098062739638e-17       1.146869396500e-16       5.200716932648e-16 
  856       4.079599991991e-17       1.142084222487e-16       5.180910979325e-16 
  857       4.061233632234e-17       1.137322806523e-16       5.161198694879e-16 
  858       4.042963336758e-17       1.132585073134e-16       5.141579795326e-16 
  859       4.024788770490e-17       1.127870943996e-16       5.122053985270e-16 
  860       4.006709586846e-17       1.123180337919e-16       5.102620957854e-16 
  861       3.988725427689e-17       1.118513170840e-16       5.083280394719e-16 
  862       3.970835923284e-17       1.113869355811e-16       5.064031965960e-16 
  863       3.953040692258e-17       1.109248802986e-16       5.044875330082e-16 
  864       3.935339341549e-17       1.104651419615e-16       5.025810133953e-16 
  865       3.917731466372e-17       1.100077110026e-16       5.006836012764e-16 
  866       3.900216650167e-17       1.095525775621e-16       4.987952589982e-16 
  867       3.882794464559e-17       1.090997314861e-16       4.969159477308e-16 
  868       3.865464469317e-17       1.086491623256e-16       4.950456274632e-16 
  869       3.848226212303e-17       1.082008593354e-16       4.931842569987e-16 
  870       3.831079229436e-17       1.077548114730e-16       4.913317939508e-16 
  871       3.814023044643e-17       1.073110073977e-16       4.894881947387e-16 
  872       3.797057169821e-17       1.068694354691e-16       4.876534145828e-16 
  873       3.780181104785e-17       1.064300837465e-16       4.858274075003e-16 
  874       3.763394337234e-17       1.059929399872e-16       4.840101263009e-16 
  875       3.746696342698e-17       1.055579916460e-16       4.822015225823e-16 
  876       3.730086584503e-17       1.051252258739e-16       4.804015467258e-16 
  877       3.713564513721e-17       1.046946295167e-16       4.786101478919e-16 
  878       3.697129569129e-17       1.042661891145e-16       4.768272740160e-16 
  879       3.680781177165e-17       1.038398909001e-16       4.750528718037e-16 
  880       3.664518751885e-17       1.034157207980e-16       4.732868867268e-16 
  881       3.648341694918e-17       1.029936644235e-16       4.715292630185e-16 
  882       3.632249395423e-17       1.025737070816e-16       4.697799436693e-16 
  883       3.616241230046e-17       1.021558337655e-16       4.680388704222e-16 
  884       3.600316562876e-17       1.017400291562e-16       4.663059837690e-16 
  885       3.584474745400e-17       1.013262776206e-16       4.645812229449e-16 
  886       3.568715116461e-17       1.009145632112e-16       4.628645259250e-16 
  887       3.553037002215e-17       1.005048696643e-16       4.611558294194e-16 
  888       3.537439716085e-17       1.000971803995e-16       4.594550688689e-16 
  889       3.521922558719e-17       9.969147851814e-17       4.577621784406e-16 
  890       3.506484817945e-17       9.928774680250e-17       4.560770910235e-16 
  891       3.491125768730e-17       9.888596771461e-17       4.543997382241e-16 
  892       3.475844673134e-17       9.848612339512e-17       4.527300503620e-16 
  893       3.460640780266e-17       9.808819566228e-17       4.510679564653e-16 
  894       3.445513326243e-17       9.769216601077e-17       4.494133842666e-16 
  895       3.430461633647e-17       9.729801806917e-17       4.477662699935e-16 
  896       3.415485411775e-17       9.690574501823e-17       4.461265879263e-16 
  897       3.400584461204e-17       9.651534229142e-17       4.444943213134e-16 
  898       3.385758574697e-17       9.612680512666e-17       4.428694526178e-16 
  899       3.371007537179e-17       9.574012856561e-17       4.412519635132e-16 
  900       3.356331125708e-17       9.535530745294e-17       4.396418348816e-16 
  901       3.341729109441e-17       9.497233643560e-17       4.380390468100e-16 
  902       3.327201249614e-17       9.459120996209e-17       4.364435785878e-16 
  903       3.312747299505e-17       9.421192228175e-17       4.348554087037e-16 
  904       3.298367004409e-17       9.383446744402e-17       4.332745148427e-16 
  905       3.284060101612e-17       9.345883929772e-17       4.317008738832e-16 
  906       3.269826320354e-17       9.308503149031e-17       4.301344618941e-16 
  907       3.255665381810e-17       9.271303746720e-17       4.285752541317e-16 
  908       3.241576999055e-17       9.234285047098e-17       4.270232250372e-16 
  909       3.227560877036e-17       9.197446354072e-17       4.254783482332e-16 
  910       3.213616712545e-17       9.160786951124e-17       4.239405965208e-16 
  911       3.199744194189e-17       9.124306101239e-17       4.224099418773e-16 
  912       3.185943002364e-17       9.088003046830e-17       4.208863554526e-16 
  913       3.172212809219e-17       9.051877009668e-17       4.193698075663e-16 
  914       3.158553278638e-17       9.015927190809e-17       4.178602677051e-16 
  915       3.144964066200e-17       8.980152770520e-17       4.163577045197e-16 
  916       3.131444819159e-17       8.944552908206e-17       4.148620858219e-16 
  917       3.117995176412e-17       8.909126742342e-17       4.133733785813e-16 
  918       3.104614768467e-17       8.873873390393e-17       4.118915489228e-16 
  919       3.091303217421e-17       8.838791948750e-17       4.104165621238e-16 
  920       3.078060136926e-17       8.803881492649e-17       4.089483826104e-16 
  921       3.064885132162e-17       8.769141076103e-17       4.074869739556e-16 
  922       3.051777799808e-17       8.734569731831e-17       4.060322988752e-16 
  923       3.038737728013e-17       8.700166471180e-17       4.045843192260e-16 
  924       3.025764496368e-17       8.665930284058e-17       4.031429960019e-16 
  925       3.012857675878e-17       8.631860138857e-17       4.017082893315e-16 
  926       3.000016828931e-17       8.597954982382e-17       4.002801584749e-16 
  927       2.987241509270e-17       8.564213739782e-17       3.988585618210e-16 
  928       2.974531261965e-17       8.530635314470e-17       3.974434568843e-16 
  929       2.961885623384e-17       8.497218588056e-17       3.960348003023e-16 
  930       2.949304121165e-17       8.463962420274e-17       3.946325478319e-16 
  931       2.936786274184e-17       8.430865648907e-17       3.932366543474e-16 
  932       2.924331592531e-17       8.397927089716e-17       3.918470738366e-16 
  933       2.911939577477e-17       8.365145536367e-17       3.904637593986e-16 
  934       2.899609744581e-17       8.332519814217e-17       3.890866652678e-16 
  935       2.887341693449e-17       8.300048942742e-17       3.877157529277e-16 
  936       2.875135039008e-17       8.267731975503e-17       3.863509850872e-16 
  937       2.862989388446e-17       8.235567946456e-17       3.849923236589e-16 
  938       2.850904341186e-17       8.203555869884e-17       3.836397297564e-16 
  939       2.838879488860e-17       8.171694740331e-17       3.822931636920e-16 
  940       2.826914415287e-17       8.139983532540e-17       3.809525849737e-16 
  941       2.815008696442e-17       8.108421201386e-17       3.796179523027e-16 
  942       2.803161900436e-17       8.077006681812e-17       3.782892235706e-16 
  943       2.791373587485e-17       8.045738888759e-17       3.769663558568e-16 
  944       2.779643309888e-17       8.014616717109e-17       3.756493054261e-16 
  945       2.767970612001e-17       7.983639041613e-17       3.743380277255e-16 
  946       2.756355030211e-17       7.952804716829e-17       3.730324773821e-16 
  947       2.744796092910e-17       7.922112577054e-17       3.717326081998e-16 
  948       2.733293320469e-17       7.891561436265e-17       3.704383731574e-16 
  949       2.721846225214e-17       7.861150088045e-17       3.691497244052e-16 
  950       2.710454311400e-17       7.830877305525e-17       3.678666132629e-16 
  951       2.699117075184e-17       7.800741841316e-17       3.665889902166e-16 
  952       2.687834004602e-17       7.770742427443e-17       3.653168049162e-16 
  953       2.676604579540e-17       7.740877775282e-17       3.640500061730e-16 
  954       2.665428271713e-17       7.711146575492e-17       3.627885419565e-16 
  955       2.654304544632e-17       7.681547497953e-17       3.615323593922e-16 
  956       2.643232853589e-17       7.652079191698e-17       3.602814047588e-16 
  957       2.632212645622e-17       7.622740284851e-17       3.590356234855e-16 
  958       2.621243359494e-17       7.593529384557e-17       3.577949601493e-16 
  959       2.610324425666e-17       7.564445076921e-17       3.565593584725e-16 
  960       2.599455266273e-17       7.535485926942e-17       3.553287613198e-16 
  961       2.588635295095e-17       7.506650478447e-17       3.541031106958e-16 
  962       2.577863917537e-17       7.477937254024e-17       3.528823477424e-16 
  963       2.567140530597e-17       7.449344754962e-17       3.516664127358e-16 
  964       2.556464522846e-17       7.420871461181e-17       3.504552450842e-16 
  965       2.545835274400e-17       7.392515831168e-17       3.492487833251e-16 
  966       2.535252156891e-17       7.364276301913e-17       3.480469651225e-16 
  967       2.524714533450e-17       7.336151288843e-17       3.468497272640e-16 
  968       2.514221758672e-17       7.308139185755e-17       3.456570056587e-16 
  969       2.503773178597e-17       7.280238364757e-17       3.444687353342e-16 
  970       2.493368130682e-17       7.252447176193e-17       3.432848504339e-16 
  971       2.483005943775e-17       7.224763948588e-17       3.421052842145e-16 
  972       2.472685938089e-17       7.197186988575e-17       3.409299690431e-16 
  973       2.462407735506e-17       7.169715371977e-17       3.397588687284e-16 
  974       2.452172195630e-17       7.142351330180e-17       3.385920760506e-16 
  975       2.441980493729e-17       7.115097899448e-17       3.374297166899e-16 
  976       2.431833811702e-17       7.087958133066e-17       3.362719170273e-16 
  977       2.421733338088e-17       7.060935101372e-17       3.351188041460e-16 
  978       2.411680268082e-17       7.034031891795e-17       3.339705058327e-16 
  979       2.401675803545e-17       7.007251608885e-17       3.328271505790e-16 
  980       2.391721153025e-17       6.980597374354e-17       3.316888675831e-16 
  981       2.381817531762e-17       6.954072327105e-17       3.305557867508e-16 
  982       2.371966161709e-17       6.927679623274e-17       3.294280386974e-16 
  983       2.362168271543e-17       6.901422436258e-17       3.283057547489e-16 
  984       2.352425096676e-17       6.875303956753e-17       3.271890669434e-16 
  985       2.342737879273e-17       6.849327392790e-17       3.260781080324e-16 
  986       2.333107868263e-17       6.823495969768e-17       3.249730114827e-16 
  987       2.323536319355e-17       6.797812930493e-17       3.238739114773e-16 
  988       2.314024495048e-17       6.772281535204e-17       3.227809429172e-16 
  989       2.304573664651e-17       6.746905061620e-17       3.216942414225e-16 
  990       2.295185104288e-17       6.721686804966e-17       3.206139433343e-16 
  991       2.285860096921e-17       6.696630078009e-17       3.195401857155e-16 
  992       2.276599932356e-17       6.671738211098e-17       3.184731063530e-16 
  993       2.267405907261e-17       6.647014552195e-17       3.174128437582e-16 
  994       2.258279325179e-17       6.622462466910e-17       3.163595371694e-16 
  995       2.249221496542e-17       6.598085338536e-17       3.153133265525e-16 
  996       2.240233738682e-17       6.573886568088e-17       3.142743526027e-16 
  997       2.231317375850e-17       6.549869574330e-17       3.132427567461e-16 
  998       2.222473739224e-17       6.526037793820e-17       3.122186811408e-16 
  999       2.213704166925e-17       6.502394680934e-17       3.112022686785e-16 
