5.833332000000000100e-03 1.490657070522949292e-03 0.000000000000000000e+00 0.000000000000000000e+00 0.000000000000000000e+00 0.000000000000000000e+00
1.749998999999999999e-02 1.153834839122721244e-02 0.000000000000000000e+00 0.000000000000000000e+00 0.000000000000000000e+00 0.000000000000000000e+00
2.916666000000000050e-02 2.845537745137513216e-02 0.000000000000000000e+00 0.000000000000000000e+00 0.000000000000000000e+00 0.000000000000000000e+00
4.083331999999999934e-02 5.025119786059337179e-02 0.000000000000000000e+00 0.000000000000000000e+00 0.000000000000000000e+00 0.000000000000000000e+00
5.249998000000000165e-02 7.554035292759046782e-02 0.000000000000000000e+00 0.000000000000000000e+00 0.000000000000000000e+00 0.000000000000000000e+00
6.416665000000000563e-02 1.032954912922985774e-01 0.000000000000000000e+00 0.000000000000000000e+00 0.000000000000000000e+00 0.000000000000000000e+00
7.583331000000000099e-02 1.327299953458126458e-01 0.000000000000000000e+00 0.000000000000000000e+00 0.000000000000000000e+00 0.000000000000000000e+00
8.749996999999999636e-02 1.632295044743680423e-01 0.000000000000000000e+00 0.000000000000000000e+00 0.000000000000000000e+00 0.000000000000000000e+00
9.916664000000000034e-02 1.943086707927947909e-01 0.000000000000000000e+00 0.000000000000000000e+00 0.000000000000000000e+00 0.000000000000000000e+00
1.108332999999999957e-01 2.255812561942462102e-01 0.000000000000000000e+00 0.000000000000000000e+00 0.000000000000000000e+00 0.000000000000000000e+00
1.224999999999999978e-01 2.567386302287666400e-01 0.000000000000000000e+00 0.000000000000000000e+00 0.000000000000000000e+00 0.000000000000000000e+00
1.341665999999999970e-01 2.875343685837538632e-01 0.000000000000000000e+00 0.000000000000000000e+00 0.000000000000000000e+00 0.000000000000000000e+00
1.458332999999999990e-01 3.177715518308337206e-01 0.000000000000000000e+00 0.000000000000000000e+00 0.000000000000000000e+00 0.000000000000000000e+00
1.575000000000000011e-01 3.472939645575529033e-01 0.000000000000000000e+00 0.000000000000000000e+00 0.000000000000000000e+00 0.000000000000000000e+00
1.691666000000000003e-01 3.759786946372116745e-01 0.000000000000000000e+00 0.000000000000000000e+00 0.000000000000000000e+00 0.000000000000000000e+00
1.808333000000000024e-01 4.037301326368360477e-01 0.000000000000000000e+00 0.000000000000000000e+00 0.000000000000000000e+00 0.000000000000000000e+00
1.924999000000000016e-01 4.304753713632901158e-01 0.000000000000000000e+00 0.000000000000000000e+00 0.000000000000000000e+00 0.000000000000000000e+00
2.041666000000000036e-01 4.561604054883249271e-01 0.000000000000000000e+00 0.000000000000000000e+00 0.000000000000000000e+00 0.000000000000000000e+00
2.158333000000000057e-01 4.807466312032292466e-01 0.000000000000000000e+00 0.000000000000000000e+00 0.000000000000000000e+00 0.000000000000000000e+00
2.274999000000000049e-01 5.042087460116199127e-01 0.000000000000000000e+00 0.000000000000000000e+00 0.000000000000000000e+00 0.000000000000000000e+00
2.391666000000000070e-01 5.265320484630290343e-01 0.000000000000000000e+00 0.000000000000000000e+00 0.000000000000000000e+00 0.000000000000000000e+00
2.508332999999999813e-01 5.477110380147645063e-01 0.000000000000000000e+00 0.000000000000000000e+00 0.000000000000000000e+00 0.000000000000000000e+00
2.624999000000000082e-01 5.677478148740363606e-01 0.000000000000000000e+00 0.000000000000000000e+00 0.000000000000000000e+00 0.000000000000000000e+00
2.741665999999999825e-01 5.866503798302145078e-01 0.000000000000000000e+00 0.000000000000000000e+00 0.000000000000000000e+00 0.000000000000000000e+00
2.858333000000000124e-01 6.044322342153612970e-01 0.000000000000000000e+00 0.000000000000000000e+00 0.000000000000000000e+00 0.000000000000000000e+00
2.974998999999999838e-01 6.211107797463568669e-01 0.000000000000000000e+00 0.000000000000000000e+00 0.000000000000000000e+00 0.000000000000000000e+00
3.091666000000000136e-01 6.367072185150322028e-01 0.000000000000000000e+00 0.000000000000000000e+00 0.000000000000000000e+00 0.000000000000000000e+00
3.208331999999999851e-01 6.512452528598966506e-01 0.000000000000000000e+00 0.000000000000000000e+00 0.000000000000000000e+00 0.000000000000000000e+00
3.324999000000000149e-01 6.647507853365361985e-01 0.000000000000000000e+00 0.000000000000000000e+00 0.000000000000000000e+00 0.000000000000000000e+00
3.441665999999999892e-01 6.772517186978794790e-01 0.000000000000000000e+00 0.000000000000000000e+00 0.000000000000000000e+00 0.000000000000000000e+00
3.558332000000000161e-01 6.887768557856590590e-01 0.000000000000000000e+00 0.000000000000000000e+00 0.000000000000000000e+00 0.000000000000000000e+00
3.674998999999999905e-01 6.993564995896147662e-01 0.000000000000000000e+00 0.000000000000000000e+00 0.000000000000000000e+00 0.000000000000000000e+00
3.791666000000000203e-01 7.090211531192205374e-01 0.000000000000000000e+00 0.000000000000000000e+00 0.000000000000000000e+00 0.000000000000000000e+00
3.908331999999999917e-01 7.178019194431528582e-01 0.000000000000000000e+00 0.000000000000000000e+00 0.000000000000000000e+00 0.000000000000000000e+00
4.024999000000000215e-01 7.257302016596900440e-01 0.000000000000000000e+00 0.000000000000000000e+00 0.000000000000000000e+00 0.000000000000000000e+00
4.141664999999999930e-01 7.328374028671098550e-01 0.000000000000000000e+00 0.000000000000000000e+00 0.000000000000000000e+00 0.000000000000000000e+00
4.258332000000000228e-01 7.391546261340891100e-01 0.000000000000000000e+00 0.000000000000000000e+00 0.000000000000000000e+00 0.000000000000000000e+00
4.374998999999999971e-01 7.447128745194373511e-01 0.000000000000000000e+00 0.000000000000000000e+00 0.000000000000000000e+00 0.000000000000000000e+00
4.491665000000000241e-01 7.495427510424956807e-01 0.000000000000000000e+00 0.000000000000000000e+00 0.000000000000000000e+00 0.000000000000000000e+00
4.608331999999999984e-01 7.536743586732692624e-01 0.000000000000000000e+00 0.000000000000000000e+00 0.000000000000000000e+00 0.000000000000000000e+00
4.724998999999999727e-01 7.571373003324280981e-01 0.000000000000000000e+00 0.000000000000000000e+00 0.000000000000000000e+00 0.000000000000000000e+00
4.841664999999999996e-01 7.599606788913060296e-01 0.000000000000000000e+00 0.000000000000000000e+00 0.000000000000000000e+00 0.000000000000000000e+00
4.958331999999999740e-01 7.621727971423005732e-01 0.000000000000000000e+00 0.000000000000000000e+00 0.000000000000000000e+00 0.000000000000000000e+00
5.074999000000000038e-01 7.638013578186056973e-01 0.000000000000000000e+00 0.000000000000000000e+00 0.000000000000000000e+00 0.000000000000000000e+00
5.191664999999999752e-01 7.648733635843459888e-01 0.000000000000000000e+00 0.000000000000000000e+00 0.000000000000000000e+00 0.000000000000000000e+00
5.308332000000000050e-01 7.654151170345758759e-01 0.000000000000000000e+00 0.000000000000000000e+00 0.000000000000000000e+00 0.000000000000000000e+00
5.424997999999999765e-01 7.654521206854130178e-01 0.000000000000000000e+00 0.000000000000000000e+00 0.000000000000000000e+00 0.000000000000000000e+00
5.541665000000000063e-01 7.650089769641709170e-01 0.000000000000000000e+00 0.000000000000000000e+00 0.000000000000000000e+00 0.000000000000000000e+00
5.658332000000000361e-01 7.641098882586940810e-01 0.000000000000000000e+00 0.000000000000000000e+00 0.000000000000000000e+00 0.000000000000000000e+00
5.774998000000000076e-01 7.627779568482893069e-01 0.000000000000000000e+00 0.000000000000000000e+00 0.000000000000000000e+00 0.000000000000000000e+00
5.891665000000000374e-01 7.610356849530601764e-01 0.000000000000000000e+00 0.000000000000000000e+00 0.000000000000000000e+00 0.000000000000000000e+00
6.008331999999999562e-01 7.589046747043062258e-01 0.000000000000000000e+00 0.000000000000000000e+00 0.000000000000000000e+00 0.000000000000000000e+00
6.124998000000000387e-01 7.564059281741242202e-01 0.000000000000000000e+00 0.000000000000000000e+00 0.000000000000000000e+00 0.000000000000000000e+00
6.241664999999999575e-01 7.535597473655409884e-01 0.000000000000000000e+00 0.000000000000000000e+00 0.000000000000000000e+00 0.000000000000000000e+00
6.358331999999999873e-01 7.503855341927795353e-01 0.000000000000000000e+00 0.000000000000000000e+00 0.000000000000000000e+00 0.000000000000000000e+00
6.474997999999999587e-01 7.469019905009924853e-01 0.000000000000000000e+00 0.000000000000000000e+00 0.000000000000000000e+00 0.000000000000000000e+00
6.591664999999999885e-01 7.431272180761300250e-01 0.000000000000000000e+00 0.000000000000000000e+00 0.000000000000000000e+00 0.000000000000000000e+00
6.708330999999999600e-01 7.390786186350721820e-01 0.000000000000000000e+00 0.000000000000000000e+00 0.000000000000000000e+00 0.000000000000000000e+00
6.824997999999999898e-01 7.347727938157623262e-01 0.000000000000000000e+00 0.000000000000000000e+00 0.000000000000000000e+00 0.000000000000000000e+00
6.941665000000000196e-01 7.302258452068078887e-01 0.000000000000000000e+00 0.000000000000000000e+00 0.000000000000000000e+00 0.000000000000000000e+00
7.058330999999999911e-01 0.000000000000000000e+00 7.254532743376138626e-01 0.000000000000000000e+00 0.000000000000000000e+00 0.000000000000000000e+00
7.174998000000000209e-01 0.000000000000000000e+00 7.204696826487805295e-01 0.000000000000000000e+00 0.000000000000000000e+00 0.000000000000000000e+00
7.291665000000000507e-01 0.000000000000000000e+00 7.152892715414401748e-01 0.000000000000000000e+00 0.000000000000000000e+00 0.000000000000000000e+00
7.408331000000000222e-01 0.000000000000000000e+00 7.099257423673893674e-01 0.000000000000000000e+00 0.000000000000000000e+00 0.000000000000000000e+00
7.524998000000000520e-01 0.000000000000000000e+00 7.043919963994873523e-01 0.000000000000000000e+00 0.000000000000000000e+00 0.000000000000000000e+00
7.641664000000000234e-01 0.000000000000000000e+00 6.987005348711252672e-01 0.000000000000000000e+00 0.000000000000000000e+00 0.000000000000000000e+00
7.758331000000000532e-01 0.000000000000000000e+00 6.928633589663583114e-01 0.000000000000000000e+00 0.000000000000000000e+00 0.000000000000000000e+00
7.874997999999999720e-01 0.000000000000000000e+00 6.868917698001717476e-01 0.000000000000000000e+00 0.000000000000000000e+00 0.000000000000000000e+00
7.991664000000000545e-01 0.000000000000000000e+00 6.807967684579500078e-01 0.000000000000000000e+00 0.000000000000000000e+00 0.000000000000000000e+00
8.108330999999999733e-01 0.000000000000000000e+00 6.745887559658739763e-01 0.000000000000000000e+00 0.000000000000000000e+00 0.000000000000000000e+00
8.224998000000000031e-01 0.000000000000000000e+00 6.682777333106566520e-01 0.000000000000000000e+00 0.000000000000000000e+00 0.000000000000000000e+00
8.341663999999999746e-01 0.000000000000000000e+00 6.618732014296749844e-01 0.000000000000000000e+00 0.000000000000000000e+00 0.000000000000000000e+00
8.458331000000000044e-01 0.000000000000000000e+00 6.553841612109706505e-01 0.000000000000000000e+00 0.000000000000000000e+00 0.000000000000000000e+00
8.574998000000000342e-01 0.000000000000000000e+00 6.488194135228506632e-01 0.000000000000000000e+00 0.000000000000000000e+00 0.000000000000000000e+00
8.691664000000000057e-01 0.000000000000000000e+00 6.421872591842866518e-01 0.000000000000000000e+00 0.000000000000000000e+00 0.000000000000000000e+00
8.808331000000000355e-01 0.000000000000000000e+00 6.354952989451805312e-01 0.000000000000000000e+00 0.000000000000000000e+00 0.000000000000000000e+00
8.924997000000000069e-01 0.000000000000000000e+00 6.287513335751679922e-01 0.000000000000000000e+00 0.000000000000000000e+00 0.000000000000000000e+00
9.041664000000000367e-01 0.000000000000000000e+00 6.219623637649480674e-01 0.000000000000000000e+00 0.000000000000000000e+00 0.000000000000000000e+00
9.158330999999999555e-01 0.000000000000000000e+00 6.151351901854852366e-01 0.000000000000000000e+00 0.000000000000000000e+00 0.000000000000000000e+00
9.274997000000000380e-01 0.000000000000000000e+00 6.082762134682760946e-01 0.000000000000000000e+00 0.000000000000000000e+00 0.000000000000000000e+00
9.391663999999999568e-01 0.000000000000000000e+00 6.013917342349492934e-01 0.000000000000000000e+00 0.000000000000000000e+00 0.000000000000000000e+00
9.508330999999999866e-01 0.000000000000000000e+00 5.944873530380642146e-01 0.000000000000000000e+00 0.000000000000000000e+00 0.000000000000000000e+00
9.624996999999999581e-01 0.000000000000000000e+00 5.875688704499140158e-01 0.000000000000000000e+00 0.000000000000000000e+00 0.000000000000000000e+00
9.741663999999999879e-01 0.000000000000000000e+00 5.806413869737224731e-01 0.000000000000000000e+00 0.000000000000000000e+00 0.000000000000000000e+00
9.858331000000000177e-01 0.000000000000000000e+00 5.737098030929785875e-01 0.000000000000000000e+00 0.000000000000000000e+00 0.000000000000000000e+00
9.974996999999999892e-01 0.000000000000000000e+00 5.667790192911718039e-01 0.000000000000000000e+00 0.000000000000000000e+00 0.000000000000000000e+00
1.009166000000000007e+00 0.000000000000000000e+00 5.598534360024556289e-01 0.000000000000000000e+00 0.000000000000000000e+00 0.000000000000000000e+00
1.020833000000000101e+00 0.000000000000000000e+00 5.529371536313821833e-01 0.000000000000000000e+00 0.000000000000000000e+00 0.000000000000000000e+00
1.032499999999999973e+00 0.000000000000000000e+00 5.460343725923710867e-01 0.000000000000000000e+00 0.000000000000000000e+00 0.000000000000000000e+00
1.044165999999999928e+00 0.000000000000000000e+00 5.391486932406387433e-01 0.000000000000000000e+00 0.000000000000000000e+00 0.000000000000000000e+00
1.055833000000000022e+00 0.000000000000000000e+00 5.322837159314018907e-01 0.000000000000000000e+00 0.000000000000000000e+00 0.000000000000000000e+00
1.067499999999999893e+00 0.000000000000000000e+00 5.254428410001428240e-01 0.000000000000000000e+00 0.000000000000000000e+00 0.000000000000000000e+00
1.079166000000000070e+00 0.000000000000000000e+00 5.186291687527423422e-01 0.000000000000000000e+00 0.000000000000000000e+00 0.000000000000000000e+00
1.090832999999999942e+00 0.000000000000000000e+00 5.118456994852144115e-01 0.000000000000000000e+00 0.000000000000000000e+00 0.000000000000000000e+00
1.102500000000000036e+00 0.000000000000000000e+00 5.050952334738385563e-01 0.000000000000000000e+00 0.000000000000000000e+00 0.000000000000000000e+00
1.114165999999999990e+00 0.000000000000000000e+00 4.983804709850272463e-01 0.000000000000000000e+00 0.000000000000000000e+00 0.000000000000000000e+00
1.125833000000000084e+00 0.000000000000000000e+00 4.917037122457244558e-01 0.000000000000000000e+00 0.000000000000000000e+00 0.000000000000000000e+00
1.137499999999999956e+00 0.000000000000000000e+00 4.850672574828739925e-01 0.000000000000000000e+00 0.000000000000000000e+00 0.000000000000000000e+00
1.149165999999999910e+00 0.000000000000000000e+00 4.784734069234199416e-01 0.000000000000000000e+00 0.000000000000000000e+00 0.000000000000000000e+00
1.160833000000000004e+00 0.000000000000000000e+00 4.719241607647047254e-01 0.000000000000000000e+00 0.000000000000000000e+00 0.000000000000000000e+00
1.172500000000000098e+00 0.000000000000000000e+00 4.654212191744695470e-01 0.000000000000000000e+00 0.000000000000000000e+00 0.000000000000000000e+00
1.184166000000000052e+00 0.000000000000000000e+00 4.589664823401898852e-01 0.000000000000000000e+00 0.000000000000000000e+00 0.000000000000000000e+00
1.195832999999999924e+00 0.000000000000000000e+00 4.525614504098726676e-01 0.000000000000000000e+00 0.000000000000000000e+00 0.000000000000000000e+00
1.207500000000000018e+00 0.000000000000000000e+00 4.462077235413918208e-01 0.000000000000000000e+00 0.000000000000000000e+00 0.000000000000000000e+00
1.219165999999999972e+00 0.000000000000000000e+00 4.399066018630201080e-01 0.000000000000000000e+00 0.000000000000000000e+00 0.000000000000000000e+00
1.230833000000000066e+00 0.000000000000000000e+00 4.336593855030301814e-01 0.000000000000000000e+00 0.000000000000000000e+00 0.000000000000000000e+00
1.242499999999999938e+00 0.000000000000000000e+00 4.274672745798274720e-01 0.000000000000000000e+00 0.000000000000000000e+00 0.000000000000000000e+00
1.254165999999999892e+00 0.000000000000000000e+00 4.213312691920833020e-01 0.000000000000000000e+00 0.000000000000000000e+00 0.000000000000000000e+00
1.265832999999999986e+00 0.000000000000000000e+00 4.152524694483361589e-01 0.000000000000000000e+00 0.000000000000000000e+00 0.000000000000000000e+00
1.277500000000000080e+00 0.000000000000000000e+00 4.092315754176558129e-01 0.000000000000000000e+00 0.000000000000000000e+00 0.000000000000000000e+00
1.289166000000000034e+00 0.000000000000000000e+00 4.032695871987136971e-01 0.000000000000000000e+00 0.000000000000000000e+00 0.000000000000000000e+00
1.300832999999999906e+00 0.000000000000000000e+00 3.973671048507124159e-01 0.000000000000000000e+00 0.000000000000000000e+00 0.000000000000000000e+00
1.312500000000000000e+00 0.000000000000000000e+00 3.915247284328547406e-01 0.000000000000000000e+00 0.000000000000000000e+00 0.000000000000000000e+00
1.324165999999999954e+00 0.000000000000000000e+00 3.857431580142107186e-01 0.000000000000000000e+00 0.000000000000000000e+00 0.000000000000000000e+00
1.335833000000000048e+00 0.000000000000000000e+00 3.800227936342487345e-01 0.000000000000000000e+00 0.000000000000000000e+00 0.000000000000000000e+00
1.347499999999999920e+00 0.000000000000000000e+00 3.743640353324372838e-01 0.000000000000000000e+00 0.000000000000000000e+00 0.000000000000000000e+00
1.359166000000000096e+00 0.000000000000000000e+00 3.687672831482449176e-01 0.000000000000000000e+00 0.000000000000000000e+00 0.000000000000000000e+00
1.370832999999999968e+00 0.000000000000000000e+00 3.632329371211401869e-01 0.000000000000000000e+00 0.000000000000000000e+00 0.000000000000000000e+00
1.382500000000000062e+00 0.000000000000000000e+00 3.577611972708572563e-01 0.000000000000000000e+00 0.000000000000000000e+00 0.000000000000000000e+00
1.394166000000000016e+00 0.000000000000000000e+00 3.523521636072633467e-01 0.000000000000000000e+00 0.000000000000000000e+00 0.000000000000000000e+00
1.405833000000000110e+00 0.000000000000000000e+00 0.000000000000000000e+00 3.470060361500926782e-01 0.000000000000000000e+00 0.000000000000000000e+00
1.417499999999999982e+00 0.000000000000000000e+00 0.000000000000000000e+00 3.417229149092123608e-01 0.000000000000000000e+00 0.000000000000000000e+00
1.429165999999999936e+00 0.000000000000000000e+00 0.000000000000000000e+00 3.365028998944895045e-01 0.000000000000000000e+00 0.000000000000000000e+00
1.440833000000000030e+00 0.000000000000000000e+00 0.000000000000000000e+00 3.313458910960569992e-01 0.000000000000000000e+00 0.000000000000000000e+00
1.452499999999999902e+00 0.000000000000000000e+00 0.000000000000000000e+00 3.262518885139149005e-01 0.000000000000000000e+00 0.000000000000000000e+00
1.464166000000000079e+00 0.000000000000000000e+00 0.000000000000000000e+00 3.212207921381960429e-01 0.000000000000000000e+00 0.000000000000000000e+00
1.475832999999999950e+00 0.000000000000000000e+00 0.000000000000000000e+00 3.162526019689003709e-01 0.000000000000000000e+00 0.000000000000000000e+00
1.487500000000000044e+00 0.000000000000000000e+00 0.000000000000000000e+00 3.113470179764266099e-01 0.000000000000000000e+00 0.000000000000000000e+00
1.499165999999999999e+00 0.000000000000000000e+00 0.000000000000000000e+00 3.065040401607746490e-01 0.000000000000000000e+00 0.000000000000000000e+00
1.510833000000000093e+00 0.000000000000000000e+00 0.000000000000000000e+00 3.017232684824760480e-01 0.000000000000000000e+00 0.000000000000000000e+00
1.522499999999999964e+00 0.000000000000000000e+00 0.000000000000000000e+00 2.970045029217965316e-01 0.000000000000000000e+00 0.000000000000000000e+00
1.534165999999999919e+00 0.000000000000000000e+00 0.000000000000000000e+00 2.923475434590018240e-01 0.000000000000000000e+00 0.000000000000000000e+00
1.545833000000000013e+00 0.000000000000000000e+00 0.000000000000000000e+00 2.877519900546234854e-01 0.000000000000000000e+00 0.000000000000000000e+00
1.557500000000000107e+00 0.000000000000000000e+00 0.000000000000000000e+00 2.832176426889271292e-01 0.000000000000000000e+00 0.000000000000000000e+00
1.569166000000000061e+00 0.000000000000000000e+00 0.000000000000000000e+00 2.787441013224443709e-01 0.000000000000000000e+00 0.000000000000000000e+00
1.580832999999999933e+00 0.000000000000000000e+00 0.000000000000000000e+00 2.743309659157067149e-01 0.000000000000000000e+00 0.000000000000000000e+00
1.592500000000000027e+00 0.000000000000000000e+00 0.000000000000000000e+00 2.699779364391126646e-01 0.000000000000000000e+00 0.000000000000000000e+00
1.604165999999999981e+00 0.000000000000000000e+00 0.000000000000000000e+00 2.656845128433266701e-01 0.000000000000000000e+00 0.000000000000000000e+00
1.615833000000000075e+00 0.000000000000000000e+00 0.000000000000000000e+00 2.614503950987472902e-01 0.000000000000000000e+00 0.000000000000000000e+00
1.627499999999999947e+00 0.000000000000000000e+00 0.000000000000000000e+00 2.572749831461718095e-01 0.000000000000000000e+00 0.000000000000000000e+00
1.639165999999999901e+00 0.000000000000000000e+00 0.000000000000000000e+00 2.531579769559987314e-01 0.000000000000000000e+00 0.000000000000000000e+00
1.650832999999999995e+00 0.000000000000000000e+00 0.000000000000000000e+00 2.490988764788925891e-01 0.000000000000000000e+00 0.000000000000000000e+00
1.662500000000000089e+00 0.000000000000000000e+00 0.000000000000000000e+00 2.450970816556505560e-01 0.000000000000000000e+00 0.000000000000000000e+00
1.674166000000000043e+00 0.000000000000000000e+00 0.000000000000000000e+00 2.411522924566711634e-01 0.000000000000000000e+00 0.000000000000000000e+00
1.685832999999999915e+00 0.000000000000000000e+00 0.000000000000000000e+00 2.372639088227517512e-01 0.000000000000000000e+00 0.000000000000000000e+00
1.697500000000000009e+00 0.000000000000000000e+00 0.000000000000000000e+00 2.334314307045566306e-01 0.000000000000000000e+00 0.000000000000000000e+00
1.709165999999999963e+00 0.000000000000000000e+00 0.000000000000000000e+00 2.296542580428830860e-01 0.000000000000000000e+00 0.000000000000000000e+00
1.720833000000000057e+00 0.000000000000000000e+00 0.000000000000000000e+00 2.259319907982625386e-01 0.000000000000000000e+00 0.000000000000000000e+00
1.732499999999999929e+00 0.000000000000000000e+00 0.000000000000000000e+00 2.222641289213593829e-01 0.000000000000000000e+00 0.000000000000000000e+00
1.744166000000000105e+00 0.000000000000000000e+00 0.000000000000000000e+00 2.186499723431037379e-01 0.000000000000000000e+00 0.000000000000000000e+00
1.755832999999999977e+00 0.000000000000000000e+00 0.000000000000000000e+00 2.150890210141599423e-01 0.000000000000000000e+00 0.000000000000000000e+00
1.767498999999999931e+00 0.000000000000000000e+00 0.000000000000000000e+00 2.115807748851923631e-01 0.000000000000000000e+00 0.000000000000000000e+00
1.779166000000000025e+00 0.000000000000000000e+00 0.000000000000000000e+00 2.081246338969982568e-01 0.000000000000000000e+00 0.000000000000000000e+00
1.790832999999999897e+00 0.000000000000000000e+00 0.000000000000000000e+00 2.047200980002419624e-01 0.000000000000000000e+00 0.000000000000000000e+00
1.802499000000000073e+00 0.000000000000000000e+00 0.000000000000000000e+00 2.013665671357207088e-01 0.000000000000000000e+00 0.000000000000000000e+00
1.814165999999999945e+00 0.000000000000000000e+00 0.000000000000000000e+00 1.980634412442317804e-01 0.000000000000000000e+00 0.000000000000000000e+00
1.825833000000000039e+00 0.000000000000000000e+00 0.000000000000000000e+00 1.948101202665723231e-01 0.000000000000000000e+00 0.000000000000000000e+00
1.837498999999999993e+00 0.000000000000000000e+00 0.000000000000000000e+00 1.916062041632739243e-01 0.000000000000000000e+00 0.000000000000000000e+00
1.849166000000000087e+00 0.000000000000000000e+00 0.000000000000000000e+00 1.884508928553995100e-01 0.000000000000000000e+00 0.000000000000000000e+00
1.860832999999999959e+00 0.000000000000000000e+00 0.000000000000000000e+00 1.853437863034805844e-01 0.000000000000000000e+00 0.000000000000000000e+00
1.872498999999999914e+00 0.000000000000000000e+00 0.000000000000000000e+00 1.822842844483143487e-01 0.000000000000000000e+00 0.000000000000000000e+00
1.884166000000000007e+00 0.000000000000000000e+00 0.000000000000000000e+00 1.792716872208309498e-01 0.000000000000000000e+00 0.000000000000000000e+00
1.895833000000000101e+00 0.000000000000000000e+00 0.000000000000000000e+00 1.763055945815618641e-01 0.000000000000000000e+00 0.000000000000000000e+00
1.907499000000000056e+00 0.000000000000000000e+00 0.000000000000000000e+00 1.733853064614372108e-01 0.000000000000000000e+00 0.000000000000000000e+00
1.919165999999999928e+00 0.000000000000000000e+00 0.000000000000000000e+00 1.705102228012541909e-01 0.000000000000000000e+00 0.000000000000000000e+00
1.930833000000000022e+00 0.000000000000000000e+00 0.000000000000000000e+00 1.676799435615443090e-01 0.000000000000000000e+00 0.000000000000000000e+00
1.942498999999999976e+00 0.000000000000000000e+00 0.000000000000000000e+00 1.648937686732377395e-01 0.000000000000000000e+00 0.000000000000000000e+00
1.954166000000000070e+00 0.000000000000000000e+00 0.000000000000000000e+00 1.621510980771316002e-01 0.000000000000000000e+00 0.000000000000000000e+00
1.965832999999999942e+00 0.000000000000000000e+00 0.000000000000000000e+00 1.594515317337574511e-01 0.000000000000000000e+00 0.000000000000000000e+00
1.977498999999999896e+00 0.000000000000000000e+00 0.000000000000000000e+00 1.567943695740453836e-01 0.000000000000000000e+00 0.000000000000000000e+00
1.989165999999999990e+00 0.000000000000000000e+00 0.000000000000000000e+00 1.541790115387926541e-01 0.000000000000000000e+00 0.000000000000000000e+00
2.000833000000000084e+00 0.000000000000000000e+00 0.000000000000000000e+00 1.516050575885307117e-01 0.000000000000000000e+00 0.000000000000000000e+00
2.012499000000000038e+00 0.000000000000000000e+00 0.000000000000000000e+00 1.490718076541897030e-01 0.000000000000000000e+00 0.000000000000000000e+00
2.024166000000000132e+00 0.000000000000000000e+00 0.000000000000000000e+00 1.465787616864339671e-01 0.000000000000000000e+00 0.000000000000000000e+00
2.035832999999999782e+00 0.000000000000000000e+00 0.000000000000000000e+00 1.441254196359278705e-01 0.000000000000000000e+00 0.000000000000000000e+00
2.047499000000000180e+00 0.000000000000000000e+00 0.000000000000000000e+00 1.417111814434686423e-01 0.000000000000000000e+00 0.000000000000000000e+00
2.059165999999999830e+00 0.000000000000000000e+00 0.000000000000000000e+00 1.393355470597206491e-01 0.000000000000000000e+00 0.000000000000000000e+00
2.070832999999999924e+00 0.000000000000000000e+00 0.000000000000000000e+00 1.369980164353482577e-01 0.000000000000000000e+00 0.000000000000000000e+00
2.082498999999999878e+00 0.000000000000000000e+00 0.000000000000000000e+00 1.346978895012815591e-01 0.000000000000000000e+00 0.000000000000000000e+00
2.094165999999999972e+00 0.000000000000000000e+00 0.000000000000000000e+00 1.324347662180520857e-01 0.000000000000000000e+00 0.000000000000000000e+00
2.105833000000000066e+00 0.000000000000000000e+00 0.000000000000000000e+00 0.000000000000000000e+00 1.302081465363241763e-01 0.000000000000000000e+00
2.117499000000000020e+00 0.000000000000000000e+00 0.000000000000000000e+00 0.000000000000000000e+00 1.280174303968950322e-01 0.000000000000000000e+00
2.129166000000000114e+00 0.000000000000000000e+00 0.000000000000000000e+00 0.000000000000000000e+00 1.258622177602961856e-01 0.000000000000000000e+00
2.140833000000000208e+00 0.000000000000000000e+00 0.000000000000000000e+00 0.000000000000000000e+00 1.237418085574577137e-01 0.000000000000000000e+00
2.152499000000000162e+00 0.000000000000000000e+00 0.000000000000000000e+00 0.000000000000000000e+00 1.216559027587782588e-01 0.000000000000000000e+00
2.164165999999999812e+00 0.000000000000000000e+00 0.000000000000000000e+00 0.000000000000000000e+00 1.196039003050550498e-01 0.000000000000000000e+00
2.175832999999999906e+00 0.000000000000000000e+00 0.000000000000000000e+00 0.000000000000000000e+00 1.175853011469524395e-01 0.000000000000000000e+00
2.187498999999999860e+00 0.000000000000000000e+00 0.000000000000000000e+00 0.000000000000000000e+00 1.155996052351347947e-01 0.000000000000000000e+00
2.199165999999999954e+00 0.000000000000000000e+00 0.000000000000000000e+00 0.000000000000000000e+00 1.136463125202664820e-01 0.000000000000000000e+00
2.210833000000000048e+00 0.000000000000000000e+00 0.000000000000000000e+00 0.000000000000000000e+00 1.117251229727461020e-01 0.000000000000000000e+00
2.222499000000000002e+00 0.000000000000000000e+00 0.000000000000000000e+00 0.000000000000000000e+00 1.098352365136366637e-01 0.000000000000000000e+00
2.234166000000000096e+00 0.000000000000000000e+00 0.000000000000000000e+00 0.000000000000000000e+00 1.079764531232038915e-01 0.000000000000000000e+00
2.245833000000000190e+00 0.000000000000000000e+00 0.000000000000000000e+00 0.000000000000000000e+00 1.061482727521121522e-01 0.000000000000000000e+00
2.257499000000000144e+00 0.000000000000000000e+00 0.000000000000000000e+00 0.000000000000000000e+00 1.043500953411586746e-01 0.000000000000000000e+00
2.269165999999999794e+00 0.000000000000000000e+00 0.000000000000000000e+00 0.000000000000000000e+00 1.025816208607420871e-01 0.000000000000000000e+00
2.280832999999999888e+00 0.000000000000000000e+00 0.000000000000000000e+00 0.000000000000000000e+00 1.008422492516596186e-01 0.000000000000000000e+00
2.292498999999999842e+00 0.000000000000000000e+00 0.000000000000000000e+00 0.000000000000000000e+00 9.913168048430988366e-02 0.000000000000000000e+00
2.304165999999999936e+00 0.000000000000000000e+00 0.000000000000000000e+00 0.000000000000000000e+00 9.744939450738382414e-02 0.000000000000000000e+00
2.315833000000000030e+00 0.000000000000000000e+00 0.000000000000000000e+00 0.000000000000000000e+00 9.579496127845278652e-02 0.000000000000000000e+00
2.327498999999999985e+00 0.000000000000000000e+00 0.000000000000000000e+00 0.000000000000000000e+00 9.416798075804826140e-02 0.000000000000000000e+00
2.339166000000000079e+00 0.000000000000000000e+00 0.000000000000000000e+00 0.000000000000000000e+00 9.256800290176818435e-02 0.000000000000000000e+00
2.350833000000000172e+00 0.000000000000000000e+00 0.000000000000000000e+00 0.000000000000000000e+00 9.099462767014403208e-02 0.000000000000000000e+00
2.362499000000000127e+00 0.000000000000000000e+00 0.000000000000000000e+00 0.000000000000000000e+00 8.944743502173387040e-02 0.000000000000000000e+00
2.374166000000000221e+00 0.000000000000000000e+00 0.000000000000000000e+00 0.000000000000000000e+00 8.792601491608248443e-02 0.000000000000000000e+00
2.385832999999999871e+00 0.000000000000000000e+00 0.000000000000000000e+00 0.000000000000000000e+00 8.642995731273464544e-02 0.000000000000000000e+00
2.397498999999999825e+00 0.000000000000000000e+00 0.000000000000000000e+00 0.000000000000000000e+00 8.495888217419526878e-02 0.000000000000000000e+00
2.409165999999999919e+00 0.000000000000000000e+00 0.000000000000000000e+00 0.000000000000000000e+00 8.351238946099585891e-02 0.000000000000000000e+00
2.420833000000000013e+00 0.000000000000000000e+00 0.000000000000000000e+00 0.000000000000000000e+00 8.209008913465458412e-02 0.000000000000000000e+00
2.432498999999999967e+00 0.000000000000000000e+00 0.000000000000000000e+00 0.000000000000000000e+00 8.069160115767640140e-02 0.000000000000000000e+00
2.444166000000000061e+00 0.000000000000000000e+00 0.000000000000000000e+00 0.000000000000000000e+00 7.931655549355290380e-02 0.000000000000000000e+00
2.455833000000000155e+00 0.000000000000000000e+00 0.000000000000000000e+00 0.000000000000000000e+00 7.796456210380231511e-02 0.000000000000000000e+00
2.467499000000000109e+00 0.000000000000000000e+00 0.000000000000000000e+00 0.000000000000000000e+00 7.663527095388968091e-02 0.000000000000000000e+00
2.479166000000000203e+00 0.000000000000000000e+00 0.000000000000000000e+00 0.000000000000000000e+00 7.532831200730663590e-02 0.000000000000000000e+00
2.490832999999999853e+00 0.000000000000000000e+00 0.000000000000000000e+00 0.000000000000000000e+00 7.404332522853149245e-02 0.000000000000000000e+00
2.502498999999999807e+00 0.000000000000000000e+00 0.000000000000000000e+00 0.000000000000000000e+00 7.277997058401605712e-02 0.000000000000000000e+00
2.514165999999999901e+00 0.000000000000000000e+00 0.000000000000000000e+00 0.000000000000000000e+00 7.153789803922536161e-02 0.000000000000000000e+00
2.525832999999999995e+00 0.000000000000000000e+00 0.000000000000000000e+00 0.000000000000000000e+00 7.031675755962446539e-02 0.000000000000000000e+00
2.537498999999999949e+00 0.000000000000000000e+00 0.000000000000000000e+00 0.000000000000000000e+00 6.911620911166514725e-02 0.000000000000000000e+00
2.549166000000000043e+00 0.000000000000000000e+00 0.000000000000000000e+00 0.000000000000000000e+00 6.793593266377255524e-02 0.000000000000000000e+00
2.560833000000000137e+00 0.000000000000000000e+00 0.000000000000000000e+00 0.000000000000000000e+00 6.677559818338521525e-02 0.000000000000000000e+00
2.572499000000000091e+00 0.000000000000000000e+00 0.000000000000000000e+00 0.000000000000000000e+00 6.563486563695487830e-02 0.000000000000000000e+00
2.584166000000000185e+00 0.000000000000000000e+00 0.000000000000000000e+00 0.000000000000000000e+00 6.451343499488015887e-02 0.000000000000000000e+00
2.595832999999999835e+00 0.000000000000000000e+00 0.000000000000000000e+00 0.000000000000000000e+00 6.341099622657295209e-02 0.000000000000000000e+00
2.607498999999999789e+00 0.000000000000000000e+00 0.000000000000000000e+00 0.000000000000000000e+00 6.232721929947176304e-02 0.000000000000000000e+00
2.619165999999999883e+00 0.000000000000000000e+00 0.000000000000000000e+00 0.000000000000000000e+00 6.126180418397518535e-02 0.000000000000000000e+00
2.630832999999999977e+00 0.000000000000000000e+00 0.000000000000000000e+00 0.000000000000000000e+00 6.021447085245527214e-02 0.000000000000000000e+00
2.642498999999999931e+00 0.000000000000000000e+00 0.000000000000000000e+00 0.000000000000000000e+00 5.918489927333720618e-02 0.000000000000000000e+00
2.654166000000000025e+00 0.000000000000000000e+00 0.000000000000000000e+00 0.000000000000000000e+00 5.817280941899304753e-02 0.000000000000000000e+00
2.665833000000000119e+00 0.000000000000000000e+00 0.000000000000000000e+00 0.000000000000000000e+00 5.717790125982139676e-02 0.000000000000000000e+00
2.677499000000000073e+00 0.000000000000000000e+00 0.000000000000000000e+00 0.000000000000000000e+00 5.619991477016773179e-02 0.000000000000000000e+00
2.689166000000000167e+00 0.000000000000000000e+00 0.000000000000000000e+00 0.000000000000000000e+00 5.523855992141737947e-02 0.000000000000000000e+00
2.700832999999999817e+00 0.000000000000000000e+00 0.000000000000000000e+00 0.000000000000000000e+00 5.429355668594237905e-02 0.000000000000000000e+00
2.712499000000000215e+00 0.000000000000000000e+00 0.000000000000000000e+00 0.000000000000000000e+00 5.336463503710148909e-02 0.000000000000000000e+00
2.724165999999999865e+00 0.000000000000000000e+00 0.000000000000000000e+00 0.000000000000000000e+00 5.245153494924018056e-02 0.000000000000000000e+00
2.735832999999999959e+00 0.000000000000000000e+00 0.000000000000000000e+00 0.000000000000000000e+00 5.155399639670392442e-02 0.000000000000000000e+00
2.747498999999999914e+00 0.000000000000000000e+00 0.000000000000000000e+00 0.000000000000000000e+00 5.067174935285146536e-02 0.000000000000000000e+00
2.759166000000000007e+00 0.000000000000000000e+00 0.000000000000000000e+00 0.000000000000000000e+00 4.980455379400170607e-02 0.000000000000000000e+00
2.770833000000000101e+00 0.000000000000000000e+00 0.000000000000000000e+00 0.000000000000000000e+00 4.895214969450011749e-02 0.000000000000000000e+00
2.782499000000000056e+00 0.000000000000000000e+00 0.000000000000000000e+00 0.000000000000000000e+00 4.811429703066558150e-02 0.000000000000000000e+00
2.794166000000000150e+00 0.000000000000000000e+00 0.000000000000000000e+00 0.000000000000000000e+00 4.729074577783028838e-02 0.000000000000000000e+00
2.805832999999999799e+00 0.000000000000000000e+00 0.000000000000000000e+00 0.000000000000000000e+00 0.000000000000000000e+00 4.648125591231312692e-02
2.817499000000000198e+00 0.000000000000000000e+00 0.000000000000000000e+00 0.000000000000000000e+00 0.000000000000000000e+00 4.568560741240642459e-02
2.829165999999999848e+00 0.000000000000000000e+00 0.000000000000000000e+00 0.000000000000000000e+00 0.000000000000000000e+00 4.490355025344235085e-02
2.840832999999999942e+00 0.000000000000000000e+00 0.000000000000000000e+00 0.000000000000000000e+00 0.000000000000000000e+00 4.413487441469994554e-02
2.852498999999999896e+00 0.000000000000000000e+00 0.000000000000000000e+00 0.000000000000000000e+00 0.000000000000000000e+00 4.337933987249810441e-02
2.864165999999999990e+00 0.000000000000000000e+00 0.000000000000000000e+00 0.000000000000000000e+00 0.000000000000000000e+00 4.263673660611586036e-02
2.875833000000000084e+00 0.000000000000000000e+00 0.000000000000000000e+00 0.000000000000000000e+00 0.000000000000000000e+00 4.190684459384552696e-02
2.887499000000000038e+00 0.000000000000000000e+00 0.000000000000000000e+00 0.000000000000000000e+00 0.000000000000000000e+00 4.118944381397941779e-02
2.899166000000000132e+00 0.000000000000000000e+00 0.000000000000000000e+00 0.000000000000000000e+00 0.000000000000000000e+00 4.048433424678328507e-02
2.910832999999999782e+00 0.000000000000000000e+00 0.000000000000000000e+00 0.000000000000000000e+00 0.000000000000000000e+00 3.979129587054946321e-02
2.922499000000000180e+00 0.000000000000000000e+00 0.000000000000000000e+00 0.000000000000000000e+00 0.000000000000000000e+00 3.911013866653038212e-02
2.934165999999999830e+00 0.000000000000000000e+00 0.000000000000000000e+00 0.000000000000000000e+00 0.000000000000000000e+00 3.844065261400509553e-02
2.945831999999999784e+00 0.000000000000000000e+00 0.000000000000000000e+00 0.000000000000000000e+00 0.000000000000000000e+00 3.778264769422604030e-02
2.957498999999999878e+00 0.000000000000000000e+00 0.000000000000000000e+00 0.000000000000000000e+00 0.000000000000000000e+00 3.713592388745898254e-02
2.969165999999999972e+00 0.000000000000000000e+00 0.000000000000000000e+00 0.000000000000000000e+00 0.000000000000000000e+00 3.650030117594307844e-02
2.980831999999999926e+00 0.000000000000000000e+00 0.000000000000000000e+00 0.000000000000000000e+00 0.000000000000000000e+00 3.587557953994408716e-02
2.992499000000000020e+00 0.000000000000000000e+00 0.000000000000000000e+00 0.000000000000000000e+00 0.000000000000000000e+00 3.526156896071444558e-02
3.004166000000000114e+00 0.000000000000000000e+00 0.000000000000000000e+00 0.000000000000000000e+00 0.000000000000000000e+00 3.465810942246676934e-02
3.015832000000000068e+00 0.000000000000000000e+00 0.000000000000000000e+00 0.000000000000000000e+00 0.000000000000000000e+00 3.406500090546678988e-02
3.027499000000000162e+00 0.000000000000000000e+00 0.000000000000000000e+00 0.000000000000000000e+00 0.000000000000000000e+00 3.348208339392711591e-02
3.039165999999999812e+00 0.000000000000000000e+00 0.000000000000000000e+00 0.000000000000000000e+00 0.000000000000000000e+00 3.290916686910019123e-02
3.050832000000000210e+00 0.000000000000000000e+00 0.000000000000000000e+00 0.000000000000000000e+00 0.000000000000000000e+00 3.234610131618533696e-02
3.062498999999999860e+00 0.000000000000000000e+00 0.000000000000000000e+00 0.000000000000000000e+00 0.000000000000000000e+00 3.179270671742170928e-02
3.074165999999999954e+00 0.000000000000000000e+00 0.000000000000000000e+00 0.000000000000000000e+00 0.000000000000000000e+00 3.124881305603520107e-02
3.085831999999999908e+00 0.000000000000000000e+00 0.000000000000000000e+00 0.000000000000000000e+00 0.000000000000000000e+00 3.071427031722512302e-02
3.097499000000000002e+00 0.000000000000000000e+00 0.000000000000000000e+00 0.000000000000000000e+00 0.000000000000000000e+00 3.018891848520406651e-02
3.109166000000000096e+00 0.000000000000000000e+00 0.000000000000000000e+00 0.000000000000000000e+00 0.000000000000000000e+00 2.967259754418462639e-02
3.120832000000000050e+00 0.000000000000000000e+00 0.000000000000000000e+00 0.000000000000000000e+00 0.000000000000000000e+00 2.916514747837940444e-02
3.132499000000000144e+00 0.000000000000000000e+00 0.000000000000000000e+00 0.000000000000000000e+00 0.000000000000000000e+00 2.866641827298770095e-02
3.144165999999999794e+00 0.000000000000000000e+00 0.000000000000000000e+00 0.000000000000000000e+00 0.000000000000000000e+00 2.817627991518226183e-02
3.155832000000000193e+00 0.000000000000000000e+00 0.000000000000000000e+00 0.000000000000000000e+00 0.000000000000000000e+00 2.769455238720224324e-02
3.167498999999999842e+00 0.000000000000000000e+00 0.000000000000000000e+00 0.000000000000000000e+00 0.000000000000000000e+00 2.722112567819381240e-02
3.179165999999999936e+00 0.000000000000000000e+00 0.000000000000000000e+00 0.000000000000000000e+00 0.000000000000000000e+00 2.675582977138285523e-02
3.190831999999999891e+00 0.000000000000000000e+00 0.000000000000000000e+00 0.000000000000000000e+00 0.000000000000000000e+00 2.629854465492881266e-02
3.202498999999999985e+00 0.000000000000000000e+00 0.000000000000000000e+00 0.000000000000000000e+00 0.000000000000000000e+00 2.584913031501771125e-02
3.214166000000000079e+00 0.000000000000000000e+00 0.000000000000000000e+00 0.000000000000000000e+00 0.000000000000000000e+00 2.540744673783557062e-02
3.225832000000000033e+00 0.000000000000000000e+00 0.000000000000000000e+00 0.000000000000000000e+00 0.000000000000000000e+00 2.497335390956840692e-02
3.237499000000000127e+00 0.000000000000000000e+00 0.000000000000000000e+00 0.000000000000000000e+00 0.000000000000000000e+00 2.454673181837567497e-02
3.249166000000000221e+00 0.000000000000000000e+00 0.000000000000000000e+00 0.000000000000000000e+00 0.000000000000000000e+00 2.412746045241681916e-02
3.260832000000000175e+00 0.000000000000000000e+00 0.000000000000000000e+00 0.000000000000000000e+00 0.000000000000000000e+00 2.371539979787785912e-02
3.272498999999999825e+00 0.000000000000000000e+00 0.000000000000000000e+00 0.000000000000000000e+00 0.000000000000000000e+00 2.331042984291824272e-02
3.284165999999999919e+00 0.000000000000000000e+00 0.000000000000000000e+00 0.000000000000000000e+00 0.000000000000000000e+00 2.291243057569741781e-02
3.295831999999999873e+00 0.000000000000000000e+00 0.000000000000000000e+00 0.000000000000000000e+00 0.000000000000000000e+00 2.252127198338811295e-02
3.307498999999999967e+00 0.000000000000000000e+00 0.000000000000000000e+00 0.000000000000000000e+00 0.000000000000000000e+00 2.213685405612321119e-02
3.319166000000000061e+00 0.000000000000000000e+00 0.000000000000000000e+00 0.000000000000000000e+00 0.000000000000000000e+00 2.175905678206215346e-02
3.330832000000000015e+00 0.000000000000000000e+00 0.000000000000000000e+00 0.000000000000000000e+00 0.000000000000000000e+00 2.138775014837767177e-02
3.342499000000000109e+00 0.000000000000000000e+00 0.000000000000000000e+00 0.000000000000000000e+00 0.000000000000000000e+00 2.102284414618935462e-02
3.354166000000000203e+00 0.000000000000000000e+00 0.000000000000000000e+00 0.000000000000000000e+00 0.000000000000000000e+00 2.066421876365664642e-02
3.365832000000000157e+00 0.000000000000000000e+00 0.000000000000000000e+00 0.000000000000000000e+00 0.000000000000000000e+00 2.031175398893900197e-02
3.377498999999999807e+00 0.000000000000000000e+00 0.000000000000000000e+00 0.000000000000000000e+00 0.000000000000000000e+00 1.996536981414270481e-02
3.389165999999999901e+00 0.000000000000000000e+00 0.000000000000000000e+00 0.000000000000000000e+00 0.000000000000000000e+00 1.962493622644050431e-02
3.400831999999999855e+00 0.000000000000000000e+00 0.000000000000000000e+00 0.000000000000000000e+00 0.000000000000000000e+00 1.929037321793868401e-02
3.412498999999999949e+00 0.000000000000000000e+00 0.000000000000000000e+00 0.000000000000000000e+00 0.000000000000000000e+00 1.896156077679670565e-02
3.424166000000000043e+00 0.000000000000000000e+00 0.000000000000000000e+00 0.000000000000000000e+00 0.000000000000000000e+00 1.863840889413414387e-02
3.435831999999999997e+00 0.000000000000000000e+00 0.000000000000000000e+00 0.000000000000000000e+00 0.000000000000000000e+00 1.832081756008387130e-02
3.447499000000000091e+00 0.000000000000000000e+00 0.000000000000000000e+00 0.000000000000000000e+00 0.000000000000000000e+00 1.800869676576547992e-02
3.459166000000000185e+00 0.000000000000000000e+00 0.000000000000000000e+00 0.000000000000000000e+00 0.000000000000000000e+00 1.770193650032512653e-02
3.470832000000000139e+00 0.000000000000000000e+00 0.000000000000000000e+00 0.000000000000000000e+00 0.000000000000000000e+00 1.740046675685581745e-02
3.482498999999999789e+00 0.000000000000000000e+00 0.000000000000000000e+00 0.000000000000000000e+00 0.000000000000000000e+00 1.710417752450371642e-02
3.494165999999999883e+00 0.000000000000000000e+00 0.000000000000000000e+00 0.000000000000000000e+00 0.000000000000000000e+00 1.681298879537512087e-02
