0.000000000000000000e+00 0.000000000000000000e+00 0.000000000000000000e+00
6.006006006006005954e-03 0.000000000000000000e+00 0.000000000000000000e+00
1.201201201201201191e-02 0.000000000000000000e+00 0.000000000000000000e+00
1.801801801801801786e-02 0.000000000000000000e+00 0.000000000000000000e+00
2.402402402402402382e-02 0.000000000000000000e+00 0.000000000000000000e+00
3.003003003003002977e-02 0.000000000000000000e+00 0.000000000000000000e+00
3.603603603603603572e-02 0.000000000000000000e+00 0.000000000000000000e+00
4.204204204204203821e-02 0.000000000000000000e+00 0.000000000000000000e+00
4.804804804804804763e-02 0.000000000000000000e+00 0.000000000000000000e+00
5.405405405405405705e-02 0.000000000000000000e+00 0.000000000000000000e+00
6.006006006006005954e-02 0.000000000000000000e+00 0.000000000000000000e+00
6.606606606606606202e-02 0.000000000000000000e+00 0.000000000000000000e+00
7.207207207207207145e-02 0.000000000000000000e+00 0.000000000000000000e+00
7.807807807807808087e-02 0.000000000000000000e+00 0.000000000000000000e+00
8.408408408408407642e-02 0.000000000000000000e+00 0.000000000000000000e+00
9.009009009009008584e-02 0.000000000000000000e+00 0.000000000000000000e+00
9.609609609609609526e-02 0.000000000000000000e+00 0.000000000000000000e+00
1.021021021021021047e-01 0.000000000000000000e+00 0.000000000000000000e+00
1.081081081081081141e-01 0.000000000000000000e+00 0.000000000000000000e+00
1.141141141141141097e-01 0.000000000000000000e+00 0.000000000000000000e+00
1.201201201201201191e-01 0.000000000000000000e+00 0.000000000000000000e+00
1.261261261261261146e-01 0.000000000000000000e+00 0.000000000000000000e+00
1.321321321321321240e-01 0.000000000000000000e+00 0.000000000000000000e+00
1.381381381381381335e-01 5.277028154491161249e-01 0.000000000000000000e+00
1.441441441441441429e-01 5.453203314185449679e-01 0.000000000000000000e+00
1.501501501501501523e-01 5.622977802610371612e-01 0.000000000000000000e+00
1.561561561561561617e-01 5.786425506488722670e-01 0.000000000000000000e+00
1.621621621621621712e-01 5.943620312543302919e-01 0.000000000000000000e+00
1.681681681681681528e-01 6.094636107496901323e-01 0.000000000000000000e+00
1.741741741741741623e-01 6.239546778072320166e-01 6.735273002182915261e-03
1.801801801801801717e-01 6.378426210992346190e-01 4.657170166393331812e-03
1.861861861861861811e-01 6.511348292979783903e-01 2.675152965979799707e-03
1.921921921921921905e-01 6.638386910757422266e-01 7.893122801517129389e-04
1.981981981981981999e-01 6.759615951048061344e-01 0.000000000000000000e+00
2.042042042042042094e-01 6.875109300574488991e-01 0.000000000000000000e+00
2.102102102102102188e-01 6.984940846059510822e-01 0.000000000000000000e+00
2.162162162162162282e-01 9.424774130741206957e-01 1.320972382760922104e-01
2.222222222222222099e-01 9.552437728800432515e-01 1.307958773459780566e-01
2.282282282282282193e-01 9.673378793015439125e-01 1.295621630554935344e-01
2.342342342342342287e-01 9.787686675223921107e-01 1.283966679712513215e-01
2.402402402402402382e-01 9.895450727263592761e-01 1.272999646598642065e-01
2.462462462462462476e-01 9.996760300972157287e-01 1.262726256879451447e-01
2.522522522522522292e-01 1.139849267138298261e+00 1.253152236221067861e-01
2.582582582582582664e-01 1.154303495869072771e+00 1.244283310289620026e-01
2.642642642642642481e-01 1.168010263117436942e+00 1.236125204751235551e-01
2.702702702702702853e-01 1.180979558007521968e+00 2.636662441801058132e-01
2.762762762762762669e-01 1.193221369663455267e+00 2.702630337419887341e-01
2.822822822822823041e-01 1.204745687209366034e+00 2.767537250779226743e-01
2.882882882882882858e-01 1.215562499769382576e+00 2.831403933758251390e-01
2.942942942942942675e-01 1.225681796467633644e+00 2.894251138236131893e-01
3.003003003003003046e-01 1.235113566428248877e+00 2.956099616092047189e-01
3.063063063063062863e-01 1.243867798775355693e+00 3.016970119205165113e-01
3.123123123123123235e-01 1.251954482633084176e+00 3.076883399454664603e-01
3.183183183183183051e-01 1.259383607125563298e+00 3.135860208719715714e-01
3.243243243243243423e-01 1.266165161376921144e+00 3.193921298879497939e-01
3.303303303303303240e-01 1.272309134511286244e+00 3.251087421813180223e-01
3.363363363363363057e-01 1.277825515652787569e+00 3.307379329399937617e-01
3.423423423423423428e-01 1.282724293925554759e+00 3.362817773518946285e-01
3.483483483483483245e-01 1.287015458453715677e+00 3.417423506049376836e-01
3.543543543543543617e-01 1.290708998361399740e+00 3.471217278870405432e-01
3.603603603603603434e-01 1.293814902772735254e+00 3.524219843861205459e-01
3.663663663663663805e-01 1.296343160811851858e+00 3.576451952900952524e-01
3.723723723723723622e-01 1.298303761602876305e+00 3.627934357868818904e-01
3.783783783783783994e-01 1.299706694269940010e+00 3.678687810643978540e-01
3.843843843843843811e-01 1.300561947937170837e+00 3.728733063105605372e-01
3.903903903903903627e-01 1.300879511728696869e+00 3.778090867132872788e-01
3.963963963963963999e-01 1.300669374768648190e+00 3.826781974604957504e-01
4.024024024024023816e-01 1.299941526181150664e+00 3.874827137401029575e-01
4.084084084084084187e-01 1.298705955090337483e+00 3.922247107400266275e-01
4.144144144144144004e-01 1.296972650620334289e+00 3.969062636481840434e-01
4.204204204204204376e-01 1.294751601895270721e+00 4.015294476524926548e-01
4.264264264264264193e-01 1.292052798039276196e+00 4.060963379408695784e-01
4.324324324324324564e-01 1.288886228176478355e+00 4.106090097012326523e-01
4.384384384384384381e-01 1.285261881431008169e+00 4.150695381214988267e-01
4.444444444444444198e-01 1.281189746926991502e+00 4.194799983895859397e-01
4.504504504504504570e-01 1.276679813788559326e+00 4.238424656934111079e-01
4.564564564564564386e-01 1.271742071139838837e+00 4.413819687640889722e-01
4.624624624624624758e-01 1.266386508104959896e+00 4.447190134609990131e-01
4.684684684684684575e-01 1.260623113808051476e+00 4.483110326265150603e-01
4.744744744744744946e-01 1.254461877373242329e+00 4.521533321022276897e-01
4.804804804804804763e-01 1.247912787924660760e+00 4.562412177297267002e-01
4.864864864864864580e-01 1.240985834586435743e+00 4.605699953506034450e-01
4.924924924924924952e-01 1.233691006482695807e+00 4.651349708064475008e-01
4.984984984984984768e-01 1.226038292737570368e+00 4.699314499388493882e-01
5.045045045045044585e-01 1.218037682475187511e+00 4.749547385894001272e-01
5.105105105105105512e-01 1.209699164819676875e+00 4.802001425996895723e-01
5.165165165165165329e-01 1.201032728895166990e+00 4.856629678113085213e-01
5.225225225225225145e-01 1.192048363825786383e+00 4.913385200658470509e-01
5.285285285285284962e-01 1.182756058735663363e+00 4.972221052048953482e-01
5.345345345345344779e-01 1.173165802748928011e+00 5.033090290700446001e-01
5.405405405405405705e-01 1.163287584989707968e+00 5.095945975028847164e-01
5.465465465465465522e-01 1.153131394582133540e+00 5.160741163450063285e-01
5.525525525525525339e-01 1.142707220650331701e+00 5.227428914379995684e-01
5.585585585585585155e-01 1.132025052318432090e+00 5.295962286234549010e-01
5.645645645645646082e-01 1.121094878710563680e+00 5.366294337429630135e-01
5.705705705705705899e-01 1.109926688950855667e+00 5.438378126381141486e-01
5.765765765765765716e-01 1.098530472163435467e+00 5.512166711504985495e-01
5.825825825825825532e-01 1.086916217472433166e+00 5.587613151217067919e-01
5.885885885885885349e-01 1.075093914001976847e+00 5.664670503933292300e-01
5.945945945945946276e-01 1.063073550876195705e+00 5.743291828069567728e-01
6.006006006006006093e-01 1.050865117219218936e+00 5.823430182041792191e-01
6.066066066066065909e-01 1.038478602155173958e+00 5.905038624265869229e-01
6.126126126126125726e-01 1.025923994808190853e+00 5.988070213157706823e-01
6.186186186186186653e-01 1.013211284302398152e+00 6.072478007133209621e-01
6.246246246246246470e-01 1.000350459761924604e+00 6.158215064608280054e-01
6.306306306306306286e-01 9.873515103108987390e-01 6.245234443998820550e-01
6.366366366366366103e-01 9.742244250734493072e-01 6.333489203720734650e-01
6.426426426426425920e-01 9.609791931737057258e-01 6.422932402189929224e-01
6.486486486486486847e-01 9.476258037357963016e-01 6.513517097822312252e-01
6.546546546546546663e-01 9.341742458838504515e-01 6.605196349033780612e-01
6.606606606606606480e-01 9.206345079637805462e-01 6.697923214240241174e-01
6.666666666666666297e-01 9.070163645329050173e-01 6.791650751857598589e-01
6.726726726726726113e-01 8.933290866156320398e-01 6.886332020301755286e-01
6.786786786786787040e-01 8.795818727920581281e-01 6.981920077988619244e-01
6.846846846846846857e-01 8.657839216422809070e-01 7.078367983334091784e-01
6.906906906906906674e-01 8.519444317463966687e-01 7.175628794754075335e-01
6.966966966966966490e-01 8.380726016845029269e-01 7.273655570664477876e-01
7.027027027027027417e-01 8.241776300366967511e-01 7.372401369481201838e-01
7.087087087087087234e-01 8.102687153830750999e-01 7.471819249620151870e-01
7.147147147147147050e-01 7.963550563037349317e-01 7.571862269497229292e-01
7.207207207207206867e-01 7.824458513787733160e-01 7.672483487528338753e-01
7.267267267267266684e-01 7.685502991882875445e-01 7.773635962129388233e-01
7.327327327327327611e-01 7.546775983123739096e-01 7.875272751716283492e-01
7.387387387387387427e-01 7.408369473311307019e-01 7.977346914704925851e-01
7.447447447447447244e-01 7.270375448246538808e-01 8.079811509511206635e-01
7.507507507507507061e-01 7.132885893730412930e-01 8.182613499316671035e-01
7.567567567567567988e-01 6.995992795563888977e-01 8.285648137325338780e-01
7.627627627627627804e-01 6.859788139547954300e-01 8.388784609582629059e-01
7.687687687687687621e-01 6.724363911483561829e-01 8.491891902810346782e-01
7.747747747747747438e-01 6.589812097171693361e-01 8.594839003730281313e-01
7.807807807807807254e-01 6.456224682413314042e-01 8.697494899064235341e-01
7.867867867867868181e-01 6.323693653009395677e-01 8.799728575533998232e-01
7.927927927927927998e-01 6.192310994760912291e-01 8.901409019861372673e-01
7.987987987987987815e-01 6.062168693468827918e-01 9.002405218768143591e-01
8.048048048048047631e-01 5.933358734934118806e-01 9.102586158976115893e-01
8.108108108108108558e-01 5.805973104957750097e-01 9.201820827207084497e-01
8.168168168168168375e-01 5.680103789340696929e-01 9.299978210182846539e-01
8.228228228228228192e-01 5.555842773883928887e-01 9.396927294625188054e-01
8.288288288288288008e-01 5.433282044388413334e-01 9.492537067255909511e-01
8.348348348348347825e-01 5.312513586655122078e-01 9.586676514796814708e-01
8.408408408408408752e-01 5.193629386485029142e-01 9.679214623969691900e-01
8.468468468468468568e-01 5.076721429679101893e-01 9.770020381496336004e-01
8.528528528528528385e-01 4.961881702038311026e-01 9.858962774098546378e-01
8.588588588588588202e-01 4.849202189363627236e-01 9.945910788498113497e-01
8.648648648648649129e-01 4.738774877456018997e-01 1.003073341141684338e+00
8.708708708708708945e-01 4.630691752116462001e-01 1.011329962957652651e+00
8.768768768768768762e-01 4.525044799145923058e-01 1.019347842969894780e+00
8.828828828828828579e-01 4.421926004345372307e-01 1.027113879850591660e+00
8.888888888888888395e-01 4.321427353515779890e-01 1.034614972271922451e+00
8.948948948948949322e-01 4.223640832458116501e-01 1.041838018906066976e+00
9.009009009009009139e-01 4.128658426973357276e-01 1.048769918425204839e+00
9.069069069069068956e-01 4.036572122862467915e-01 1.055397569501514976e+00
9.129129129129128772e-01 3.947473905926417448e-01 1.061707870807176768e+00
9.189189189189188589e-01 3.861455761966181011e-01 1.067687721014370927e+00
9.249249249249249516e-01 3.778604724732260722e-01 1.073324018795276391e+00
9.309309309309309333e-01 3.698929482370990063e-01 1.078603662822073428e+00
9.369369369369369149e-01 3.622376163031027496e-01 1.083513551766939864e+00
9.429429429429428966e-01 3.548889150121003477e-01 1.088040584302057079e+00
9.489489489489489893e-01 3.478412827049546241e-01 1.092171659099604009e+00
9.549549549549549710e-01 3.410891577225287352e-01 1.095895111843413039e+00
9.609609609609609526e-01 3.346269784056853935e-01 1.099207355156653909e+00
9.669669669669669343e-01 3.284491830952874225e-01 1.102107621456540620e+00
9.729729729729729160e-01 3.225501968468508784e-01 1.104595146092720137e+00
9.789789789789790087e-01 3.169234779627370657e-01 1.106669020288998384e+00
9.849849849849849903e-01 3.115608796278268033e-01 1.108327255258464872e+00
9.909909909909909720e-01 3.064541036883459690e-01 1.109567372285406028e+00
9.969969969969969537e-01 3.015948519905204406e-01 1.110386890214618782e+00
1.003003003003003046e+00 2.969748263805763178e-01 1.110783327890900285e+00
1.009009009009008917e+00 2.925857287047390898e-01 1.110754204159046798e+00
1.015015015015015010e+00 2.884192608092347454e-01 1.110297037863856362e+00
1.021021021021021102e+00 2.844671245402890514e-01 1.109409347850123684e+00
1.027027027027026973e+00 2.807210217441281075e-01 1.108088652962647247e+00
1.033033033033033066e+00 2.771726542669775695e-01 1.106332472046223980e+00
1.039039039039038936e+00 2.738137239550633151e-01 1.104139746122270394e+00
1.045045045045045029e+00 2.706359326546112776e-01 1.101517454448260880e+00
1.051051051051051122e+00 2.676309822118471127e-01 1.098475397448130719e+00
1.057057057057056992e+00 2.647905744729969757e-01 1.095023378609627507e+00
1.063063063063063085e+00 2.621064112842863558e-01 1.091171201420496839e+00
1.069069069069068956e+00 2.595701944919414084e-01 1.086928669368484313e+00
1.075075075075075048e+00 2.571736259421880111e-01 1.082305585941335302e+00
1.081081081081081141e+00 2.549084074812515976e-01 1.077311754626795848e+00
1.087087087087087012e+00 2.527662409553584899e-01 1.071956978912611547e+00
1.093093093093093104e+00 2.507388282107343991e-01 1.066251062286529327e+00
1.099099099099099197e+00 2.488178710936049809e-01 1.060203808236292788e+00
1.105105105105105068e+00 2.469950714501963629e-01 1.053825020249650191e+00
1.111111111111111160e+00 2.452621311267342841e-01 1.047124501814345798e+00
1.117117117117117031e+00 2.436107519694445389e-01 1.040112056418125652e+00
1.123123123123123124e+00 2.420326358245530884e-01 1.032797487548736015e+00
1.129129129129129216e+00 2.405194845382856439e-01 1.025190598693921373e+00
1.135135135135135087e+00 2.390629999568681940e-01 1.017301193341429544e+00
1.141141141141141180e+00 2.376548755702836135e-01 1.009139074979004791e+00
1.147147147147147050e+00 2.362863399849652879e-01 1.000714047094393377e+00
1.153153153153153143e+00 2.349479214718698250e-01 9.920359131753413440e-01
1.159159159159159236e+00 2.336300903624083936e-01 9.831144767095936210e-01
1.165165165165165106e+00 2.323233169879923565e-01 9.739595411848971374e-01
1.171171171171171199e+00 2.310180716800331324e-01 9.645809100889968235e-01
1.177177177177177070e+00 2.297048247699418622e-01 9.549883869096389422e-01
1.183183183183183163e+00 2.283740465891299642e-01 9.451917751345693119e-01
1.189189189189189255e+00 2.270179359439048472e-01 9.352008782515328633e-01
1.195195195195195126e+00 2.256357868330585159e-01 9.250254997482767472e-01
1.201201201201201219e+00 2.242287135588690306e-01 9.146754272338590841e-01
1.207207207207207089e+00 2.227978304247537067e-01 9.041596233947406525e-01
1.213213213213213182e+00 2.213442517341300264e-01 8.934858408117041240e-01
1.219219219219219275e+00 2.198690917904150832e-01 8.826617355869010861e-01
1.225225225225225145e+00 2.183734648970265257e-01 8.716949638224856800e-01
1.231231231231231238e+00 2.168584853573816140e-01 8.605931816206098262e-01
1.237237237237237331e+00 2.153252674748976081e-01 8.493640450834256672e-01
1.243243243243243201e+00 2.137749255529919901e-01 8.380152103130870112e-01
1.249249249249249294e+00 2.122085738950821310e-01 8.265543334117460006e-01
1.255255255255255165e+00 2.106273268045852631e-01 8.149890704815554443e-01
1.261261261261261257e+00 2.090322985849188964e-01 8.033270663602134487e-01
1.267267267267267350e+00 2.074246035395001797e-01 7.915751053529668235e-01
1.273273273273273221e+00 2.058053559717467063e-01 7.797385192862832382e-01
1.279279279279279313e+00 2.041756701850756528e-01 7.678225000654390620e-01
1.285285285285285184e+00 2.025366604829045292e-01 7.558322395957147721e-01
1.291291291291291277e+00 2.008894411686505954e-01 7.437729297823877372e-01
1.297297297297297369e+00 1.992351265457310838e-01 7.316497625307359920e-01
1.303303303303303240e+00 1.975748309175636708e-01 7.194679297460393474e-01
1.309309309309309333e+00 1.959096685875654775e-01 7.072326233335753942e-01
1.315315315315315203e+00 1.942407538591539029e-01 6.949490351986230552e-01
1.321321321321321296e+00 1.925692010357463735e-01 6.826223572473038015e-01
1.327327327327327389e+00 1.908961244207601216e-01 6.702581349127968435e-01
1.333333333333333259e+00 1.892226383176126014e-01 6.578632714585195274e-01
1.339339339339339352e+00 1.875498570297212120e-01 6.454449960915656925e-01
1.345345345345345223e+00 1.858788948605031577e-01 6.330105380190300668e-01
1.351351351351351315e+00 1.842108668135585547e-01 6.205671264480069338e-01
1.357357357357357408e+00 1.825471704665915518e-01 6.081219969280232673e-01
1.363363363363363279e+00 1.808899176659796992e-01 5.956831839472908063e-01
1.369369369369369371e+00 1.792413313877400383e-01 5.832602908918049778e-01
1.375375375375375464e+00 1.776036346078894435e-01 5.708631038334982533e-01
1.381381381381381335e+00 1.759790503024450115e-01 5.585014088443041036e-01
1.387387387387387427e+00 1.743698014474237279e-01 5.461849919961552224e-01
1.393393393393393298e+00 1.727781110188426339e-01 5.339236393609844145e-01
1.399399399399399391e+00 1.712062019927187151e-01 5.217271370107241513e-01
1.405405405405405483e+00 1.696562973450688183e-01 5.096052710173072375e-01
1.411411411411411354e+00 1.681306200519102345e-01 4.975678274526671441e-01
1.417417417417417447e+00 1.666313930892598105e-01 4.856245923887362315e-01
1.423423423423423317e+00 1.651608394331346152e-01 4.737853518974475819e-01
1.429429429429429410e+00 1.637211820595515788e-01 4.620598920507338336e-01
1.435435435435435503e+00 1.623146439445276867e-01 4.504579989205272361e-01
1.441441441441441373e+00 1.609434480640800913e-01 4.389894585787619818e-01
1.447447447447447466e+00 1.596097835923065977e-01 4.276640570973695432e-01
1.453453453453453337e+00 1.583144994862224209e-01 4.164909988301003785e-01
1.459459459459459429e+00 1.570566884220532256e-01 4.054754620946831034e-01
1.465465465465465522e+00 1.558353241499122188e-01 3.946209223582620718e-01
1.471471471471471393e+00 1.546493804199126354e-01 3.839308490080873826e-01
1.477477477477477485e+00 1.534978309821677100e-01 3.734087114314084688e-01
1.483483483483483578e+00 1.523796495867905665e-01 3.630579790154746522e-01
1.489489489489489449e+00 1.512938099838945505e-01 3.528821211475364761e-01
1.495495495495495542e+00 1.502392859235927025e-01 3.428846072148428736e-01
1.501501501501501412e+00 1.492150511559983961e-01 3.330689066046442770e-01
1.507507507507507505e+00 1.482200794312246994e-01 3.234384887041898415e-01
1.513513513513513598e+00 1.472533444993849583e-01 3.139968229007291667e-01
1.519519519519519468e+00 1.463138201105922964e-01 3.047473785815127401e-01
1.525525525525525561e+00 1.454004800149599763e-01 2.956936251337894395e-01
1.531531531531531432e+00 1.445122979626011772e-01 2.868390319448095860e-01
1.537537537537537524e+00 1.436482477036291339e-01 2.781870684018225570e-01
1.543543543543543617e+00 1.428073029881569145e-01 2.697412038920779520e-01
1.549549549549549488e+00 1.419884375662979481e-01 2.615049078028260365e-01
1.555555555555555580e+00 1.411906251881653585e-01 2.534816495213159659e-01
1.561561561561561451e+00 1.404128396038723803e-01 2.456748984347978670e-01
1.567567567567567544e+00 1.396540545635321928e-01 2.380881239305210617e-01
1.573573573573573636e+00 1.389132438172579198e-01 2.307247953957353437e-01
1.579579579579579507e+00 1.381893811151628515e-01 2.235883822176908953e-01
1.585585585585585600e+00 1.374814402320912454e-01 2.166823537836368441e-01
1.591591591591591470e+00 1.367884053782912612e-01 2.100101794808233169e-01
1.597597597597597563e+00 1.361092873405432280e-01 2.035753286964997466e-01
1.603603603603603656e+00 1.354431010745965336e-01 1.973812708179158992e-01
1.609609609609609526e+00 1.347888615362006770e-01 1.914314704498772390e-01
1.615615615615615619e+00 1.341455836811051294e-01 1.857268986823612245e-01
1.621621621621621712e+00 1.335122824650591677e-01 1.802619572480247956e-01
1.627627627627627582e+00 1.328879728438123742e-01 1.750299787493782844e-01
1.633633633633633675e+00 1.322716697731140811e-01 1.700242957889312456e-01
1.639639639639639546e+00 1.316623882087136765e-01 1.652382409691937615e-01
1.645645645645645638e+00 1.310591431063607704e-01 1.606651468926754700e-01
1.651651651651651731e+00 1.304609494218045840e-01 1.562983461618862868e-01
1.657657657657657602e+00 1.298668221107945608e-01 1.521311713793363218e-01
1.663663663663663694e+00 1.292757761290802831e-01 1.481569551475352686e-01
1.669669669669669565e+00 1.286868264324110556e-01 1.443690300689930706e-01
1.675675675675675658e+00 1.280989879765362938e-01 1.407607287462195600e-01
1.681681681681681750e+00 1.275112757172055244e-01 1.373253837817245693e-01
1.687687687687687621e+00 1.269227046101681078e-01 1.340563277780182083e-01
1.693693693693693714e+00 1.263322896111734039e-01 1.309468933376101429e-01
1.699699699699699584e+00 1.257390456759709674e-01 1.279904244349171771e-01
1.705705705705705677e+00 1.251419877603101305e-01 1.251812436753311220e-01
1.711711711711711770e+00 1.245401944181007692e-01 1.225153910979637079e-01
1.717717717717717640e+00 1.239332112528833962e-01 1.199890806908459479e-01
1.723723723723723733e+00 1.233207920405984537e-01 1.175985264420087439e-01
1.729729729729729826e+00 1.227026915145196656e-01 1.153399423394828316e-01
1.735735735735735696e+00 1.220787470801178859e-01 1.132095423712994042e-01
1.741741741741741789e+00 1.214491227720286975e-01 1.112034189878896434e-01
1.747747747747747660e+00 1.208140632797013864e-01 1.093163933781132885e-01
1.753753753753753752e+00 1.201738132925854741e-01 1.075425291536055428e-01
1.759759759759759845e+00 1.195286175001301354e-01 1.058759758705109660e-01
1.765765765765765716e+00 1.188787205917849199e-01 1.043116062920569354e-01
1.771771771771771808e+00 1.182243672569991411e-01 1.028446226639433692e-01
1.777777777777777679e+00 1.175658021852222512e-01 1.014702289039385169e-01
1.783783783783783772e+00 1.169032700659036195e-01 1.001836289298103505e-01
1.789789789789789864e+00 1.162370155884925177e-01 9.898002665932691124e-02
1.795795795795795735e+00 1.155672834424384399e-01 9.785462601025635143e-02
1.801801801801801828e+00 1.148943183171907967e-01 9.680263090036669849e-02
1.807807807807807698e+00 1.142183649021989433e-01 9.581924524742599369e-02
1.813813813813813791e+00 1.135396678869122628e-01 9.489967296920237549e-02
1.819819819819819884e+00 1.128584719607800685e-01 9.403911798346377415e-02
1.825825825825825754e+00 1.121750218132518684e-01 9.323278420797843913e-02
1.831831831831831847e+00 1.114895621337769621e-01 9.247587556051431457e-02
1.837837837837837718e+00 1.108023376118047049e-01 9.176359595883949727e-02
1.843843843843843811e+00 1.101135929367846183e-01 9.109114932072205628e-02
1.849849849849849903e+00 1.094235727981660300e-01 9.045373956393004677e-02
1.855855855855855774e+00 1.087325218853982117e-01 8.984657060623157943e-02
1.861861861861861867e+00 1.080406848879307130e-01 8.926484636539470940e-02
1.867867867867867959e+00 1.073483064952128196e-01 8.870377075918743637e-02
1.873873873873873830e+00 1.066556313966939840e-01 8.815854770537796814e-02
1.879879879879879923e+00 1.059629042818235334e-01 8.762438112173422111e-02
1.885885885885885793e+00 1.052703698400508786e-01 8.709647492602434760e-02
1.891891891891891886e+00 1.045782727608254026e-01 8.657003303601640276e-02
1.897897897897897979e+00 1.038868577335964327e-01 8.604027510107795096e-02
1.903903903903903849e+00 1.031963694478135324e-01 8.550400392740989397e-02
1.909909909909909942e+00 1.025070525929259041e-01 8.496093823779023169e-02
1.915915915915915813e+00 1.018191518583829863e-01 8.441111062622445871e-02
1.921921921921921905e+00 1.011329119336342314e-01 8.385455368671808352e-02
1.927927927927927998e+00 1.004485775081289112e-01 8.329130001327657296e-02
1.933933933933933869e+00 9.976639327131647805e-02 8.272138219990547714e-02
1.939939939939939961e+00 9.908660391264632883e-02 8.214483284061023516e-02
1.945945945945945832e+00 9.840945412156786032e-02 8.156168452939636937e-02
1.951951951951951925e+00 9.773518858753041383e-02 8.097197307772156794e-02
1.957957957957958017e+00 9.706405199998335842e-02 8.037576195433200621e-02
1.963963963963963888e+00 9.639628904837614642e-02 7.977312872299957558e-02
1.969969969969969981e+00 9.573214450782954743e-02 7.916415105970994737e-02
1.975975975975975851e+00 9.507187973657248159e-02 7.854890664044875126e-02
1.981981981981981944e+00 9.441579234491011274e-02 7.792747314120171409e-02
1.987987987987988037e+00 9.376418473456554770e-02 7.729992823795446555e-02
1.993993993993993907e+00 9.311735930726201815e-02 7.666634960669277410e-02
2.000000000000000000e+00 9.247561846472270031e-02 7.602681492340221392e-02
2.006006006006006093e+00 9.183926460867074260e-02 7.538140186406859511e-02
2.012012012012012185e+00 9.120860014082925182e-02 7.473018810467750572e-02
2.018018018018017834e+00 9.058392746292144582e-02 7.407325132121470035e-02
2.024024024024023927e+00 8.996554897667054240e-02 7.341066918966579480e-02
2.030030030030030019e+00 8.935376708379952349e-02 7.274251938601646039e-02
2.036036036036036112e+00 8.874889834906392327e-02 7.206887958625247947e-02
2.042042042042042205e+00 8.815132273275344543e-02 7.138982746635942622e-02
2.048048048048047853e+00 8.756143792584945851e-02 7.070544070232311074e-02
2.054054054054053946e+00 8.697964162016791345e-02 7.001579697012912107e-02
2.060060060060060039e+00 8.640633150752466407e-02 6.932097394576311467e-02
2.066066066066066131e+00 8.584190527973580009e-02 6.862104930521083224e-02
2.072072072072072224e+00 8.528676062861721696e-02 6.791610072445794510e-02
2.078078078078077873e+00 8.474129524598503216e-02 6.720620587949022173e-02
2.084084084084083965e+00 8.420590682365504398e-02 6.649144244629319467e-02
2.090090090090090058e+00 8.368099305344327277e-02 6.577188810085260462e-02
2.096096096096096151e+00 8.316695162716571110e-02 6.504762051915416454e-02
2.102102102102102243e+00 8.266418023663830994e-02 6.431871737718350412e-02
2.108108108108107892e+00 8.217307657367710350e-02 6.358525635092641959e-02
2.114114114114113985e+00 8.169396941559357861e-02 6.284731511636851287e-02
2.120120120120120077e+00 8.122675583798810717e-02 6.210497195844974505e-02
2.126126126126126170e+00 8.077116610900177129e-02 6.135859439094780432e-02
2.132132132132132263e+00 8.032693013839989349e-02 6.060930088393907955e-02
2.138138138138137911e+00 7.989377783594817095e-02 5.985833020751602646e-02
2.144144144144144004e+00 7.947143911141198169e-02 5.910692113177078155e-02
2.150150150150150097e+00 7.905964387455684250e-02 5.835631242679576586e-02
2.156156156156156189e+00 7.865812203514832568e-02 5.760774286268327549e-02
2.162162162162162282e+00 7.826660350295182311e-02 5.686245120952562043e-02
2.168168168168167931e+00 7.788481818773300425e-02 5.612167623741520089e-02
2.174174174174174023e+00 7.751249599925721934e-02 5.538665671644424360e-02
2.180180180180180116e+00 7.714936684729004068e-02 5.465863141670507935e-02
2.186186186186186209e+00 7.679516064159697120e-02 5.393882796572094934e-02
2.192192192192192302e+00 7.644960729194348603e-02 5.322803383272258632e-02
2.198198198198198394e+00 7.611243670809510198e-02 5.252646054414888271e-02
2.204204204204204043e+00 7.578337879981740521e-02 5.183426678114663733e-02
2.210210210210210136e+00 7.546216347687581538e-02 5.115158182295435202e-02
2.216216216216216228e+00 7.514852064903582152e-02 5.047853122346657173e-02
2.222222222222222321e+00 7.484218022606299592e-02 4.981524053657793161e-02
2.228228228228228414e+00 7.454287211772274435e-02 4.916183531618292801e-02
2.234234234234234062e+00 7.425032623378075014e-02 4.851844111617620997e-02
2.240240240240240155e+00 7.396427248400232191e-02 4.788518349045224609e-02
2.246246246246246248e+00 7.368444077815307358e-02 4.726218799290558825e-02
2.252252252252252340e+00 7.341056102599852196e-02 4.664957923582796484e-02
2.258258258258258433e+00 7.314236313730407280e-02 4.604740051892101949e-02
2.264264264264264082e+00 7.287957702183534003e-02 4.545555228592543934e-02
2.270270270270270174e+00 7.262193258935779883e-02 4.487392049116166459e-02
2.276276276276276267e+00 7.236915974963689657e-02 4.430239108895040606e-02
2.282282282282282360e+00 7.212098841243819169e-02 4.374085003361232599e-02
2.288288288288288452e+00 7.187714848752720098e-02 4.318918327946799640e-02
2.294294294294294101e+00 7.163736988466941347e-02 4.264727678083812812e-02
2.300300300300300194e+00 7.140138251363031818e-02 4.211501649204326542e-02
2.306306306306306286e+00 7.116891628417544580e-02 4.159228836740405666e-02
2.312312312312312379e+00 7.093970110607025759e-02 4.107897836124113633e-02
2.318318318318318472e+00 7.071346688908031197e-02 4.057497242787513891e-02
2.324324324324324120e+00 7.048994354297109799e-02 4.008015652162671971e-02
2.330330330330330213e+00 7.026886097750811855e-02 3.959441659681644382e-02
2.336336336336336306e+00 7.004994910245686268e-02 3.911763860776499430e-02
2.342342342342342398e+00 6.983293782758281942e-02 3.864970850879296399e-02
2.348348348348348491e+00 6.961755706265154720e-02 3.819051225422098045e-02
2.354354354354354140e+00 6.940353671742854891e-02 3.773993579836974060e-02
2.360360360360360232e+00 6.919060670167929972e-02 3.729786509555978874e-02
2.366366366366366325e+00 6.897849692516927478e-02 3.686418610011178709e-02
2.372372372372372418e+00 6.876693729766406027e-02 3.643878476634637015e-02
2.378378378378378510e+00 6.855565772892908971e-02 3.602154704858412382e-02
2.384384384384384159e+00 6.834438812872992153e-02 3.561235890114577279e-02
2.390390390390390252e+00 6.813285840683201700e-02 3.521110627835186135e-02
2.396396396396396344e+00 6.792079847300092066e-02 3.481767513452303092e-02
2.402402402402402437e+00 6.770793823700212155e-02 3.443195142397990904e-02
2.408408408408408530e+00 6.749400760860109483e-02 3.405382110104315102e-02
2.414414414414414178e+00 6.727873649756339891e-02 3.368317012003340521e-02
2.420420420420420271e+00 6.706185481365452283e-02 3.331988443527123672e-02
2.426426426426426364e+00 6.684309246663991400e-02 3.296385000107728003e-02
2.432432432432432456e+00 6.662217936628515857e-02 3.261495277177219737e-02
2.438438438438438549e+00 6.639884542235571785e-02 3.227307870167661630e-02
2.444444444444444642e+00 6.617282054461710861e-02 3.193811374511114354e-02
2.450450450450450290e+00 6.594383464283483376e-02 3.160994385639646215e-02
2.456456456456456383e+00 6.571161762677445173e-02 3.128845498985314416e-02
2.462462462462462476e+00 6.547589940620135440e-02 3.097353309980179978e-02
2.468468468468468568e+00 6.523640989088114184e-02 3.066506414056311552e-02
2.474474474474474661e+00 6.499287899057924756e-02 3.036293406645767384e-02
2.480480480480480310e+00 6.474504040143268246e-02 3.006702883180615085e-02
2.486486486486486402e+00 6.449265848256811873e-02 2.977723439092914287e-02
2.492492492492492495e+00 6.366836452369742383e-02 2.949343669814727398e-02
2.498498498498498588e+00 6.335824305445343640e-02 2.921552170778119600e-02
2.504504504504504681e+00 6.304151353179097972e-02 2.894336261142916450e-02
2.510510510510510329e+00 6.271829953798158108e-02 2.867663920660808510e-02
2.516516516516516422e+00 6.238872465529660821e-02 2.841488116510831885e-02
2.522522522522522515e+00 6.205291246600743577e-02 2.815761422403357389e-02
2.528528528528528607e+00 6.171098655238554942e-02 2.790436412048758266e-02
2.534534534534534700e+00 6.136307049670227526e-02 2.765465659157401168e-02
2.540540540540540349e+00 6.100928788122911978e-02 2.740801737439657604e-02
2.546546546546546441e+00 6.064976228823745069e-02 2.716397220605898735e-02
2.552552552552552534e+00 6.028461729999865654e-02 2.692204682366490867e-02
2.558558558558558627e+00 5.991397649878423687e-02 2.668176696431809325e-02
2.564564564564564719e+00 5.953796346686549001e-02 2.644265836512219026e-02
2.570570570570570368e+00 5.915670178651395716e-02 2.620424676318095641e-02
2.576576576576576461e+00 5.877031504000097828e-02 2.596605789559806518e-02
2.582582582582582553e+00 5.837892680959794883e-02 2.572761749947719001e-02
2.588588588588588646e+00 5.798266067757633369e-02 2.548845131192208069e-02
2.594594594594594739e+00 5.758164022620749362e-02 2.524808507003638638e-02
2.600600600600600387e+00 5.717598903776294900e-02 2.500604451092388117e-02
2.606606606606606480e+00 5.676583069451402591e-02 2.476185537168821074e-02
2.612612612612612573e+00 5.635128877873213371e-02 2.451504338943306591e-02
2.618618618618618665e+00 5.593248687268868868e-02 2.426513430126219645e-02
2.624624624624624758e+00 5.550954855865513488e-02 2.401165384427924807e-02
2.630630630630630407e+00 5.508259741890290245e-02 2.375412775558797748e-02
2.636636636636636499e+00 5.465175703570338689e-02 2.349208177229206163e-02
2.642642642642642592e+00 5.421715099132798366e-02 2.322504163149518783e-02
2.648648648648648685e+00 5.377890286804809516e-02 2.295253307030106424e-02
2.654654654654654777e+00 5.333713624813519322e-02 2.267408182581338860e-02
2.660660660660660426e+00 5.289197471386067329e-02 2.238921363513589682e-02
2.666666666666666519e+00 5.244354184749593778e-02 2.209745423537225889e-02
2.672672672672672611e+00 5.199196123131235442e-02 2.179832936362616908e-02
2.678678678678678704e+00 5.153735644758141582e-02 2.149136475700134247e-02
2.684684684684684797e+00 5.107985107857448276e-02 2.117608615260146987e-02
2.690690690690690445e+00 5.061956870656304786e-02 2.085201928753029413e-02
2.696696696696696538e+00 5.015663291381843025e-02 2.000250552933839979e-02
2.702702702702702631e+00 4.969116728261209481e-02 1.964691518675223264e-02
2.708708708708708723e+00 4.922329539521545783e-02 1.928136096969235852e-02
2.714714714714714816e+00 4.875314083389987313e-02 1.890538604495609412e-02
2.720720720720720909e+00 4.828082718093684722e-02 1.851853357934075961e-02
2.726726726726726557e+00 4.780647801859776169e-02 1.812034673964367168e-02
2.732732732732732650e+00 4.733021692915402590e-02 1.771036869266210886e-02
2.738738738738738743e+00 4.685216749487699367e-02 1.728814260519337398e-02
2.744744744744744835e+00 4.637245329803815763e-02 1.685321164403480801e-02
2.750750750750750928e+00 4.589119792090891325e-02 1.640512403521492482e-02
2.756756756756756577e+00 4.540852494576069764e-02 1.594346797882558939e-02
2.762762762762762669e+00 4.492455795486491321e-02 1.446045629219391490e-02
2.768768768768768762e+00 4.443942053049290686e-02 1.424720016247934748e-02
2.774774774774774855e+00 4.395323625491617814e-02 1.403545358194864187e-02
2.780780780780780947e+00 4.346612871040608783e-02 1.382519235730308993e-02
2.786786786786786596e+00 4.297822147923413549e-02 1.361639229524400259e-02
2.792792792792792689e+00 4.248963814367163333e-02 1.340902920247264395e-02
2.798798798798798781e+00 4.200050228599001845e-02 1.320307888569033188e-02
2.804804804804804874e+00 4.151093748846074183e-02 1.299851715159835303e-02
2.810810810810810967e+00 4.102106733335518507e-02 1.279531980689802007e-02
2.816816816816816615e+00 4.053101540294481997e-02 1.259346265829062658e-02
2.822822822822822708e+00 4.004090527950100037e-02 1.239292151247746269e-02
2.828828828828828801e+00 3.955086054529513562e-02 1.219367217615981852e-02
2.834834834834834894e+00 3.906100478259867670e-02 1.199569045603900846e-02
2.840840840840840986e+00 3.857146157368302603e-02 1.179895215881631397e-02
2.846846846846846635e+00 3.808235450081962070e-02 1.160343309119305812e-02
2.852852852852852727e+00 3.759380714627983539e-02 1.140910905987050500e-02
2.858858858858858820e+00 3.710594309233508636e-02 1.121595587154995688e-02
2.864864864864864913e+00 3.661888592125681768e-02 1.102394933293272643e-02
2.870870870870871006e+00 3.613275762755908949e-02 1.083306525072010029e-02
2.876876876876876654e+00 3.564765086359884122e-02 1.064327943161338941e-02
2.882882882882882747e+00 3.516363244670005911e-02 1.045456768303694613e-02
2.888888888888888840e+00 3.468076831141912036e-02 1.026691375431884254e-02
2.894894894894894932e+00 3.419912439231246465e-02 1.008032898562147284e-02
2.900900900900901025e+00 3.371876662393644142e-02 9.894830704810239977e-03
2.906906906906906674e+00 3.323976094084751809e-02 9.710436239750572934e-03
2.912912912912912766e+00 3.276217327760198861e-02 9.527162918307841705e-03
2.918918918918918859e+00 3.228606956875630651e-02 9.345028068347475264e-03
2.924924924924924952e+00 3.181151572937155475e-02 9.164049017734873098e-03
2.930930930930931044e+00 3.133857735975990877e-02 8.984243094335436428e-03
2.936936936936936693e+00 3.086731980558599098e-02 8.805627626014594228e-03
2.942942942942942786e+00 3.039780840520874688e-02 8.628219940637730373e-03
2.948948948948948878e+00 2.993010849698717057e-02 8.452037366070253022e-03
2.954954954954954971e+00 2.946428541928024225e-02 8.277097230177575538e-03
2.960960960960961064e+00 2.900040451044699416e-02 8.103416860825093937e-03
2.966966966966967156e+00 2.853853110884638222e-02 7.931013585878230257e-03
2.972972972972972805e+00 2.807873055283743521e-02 7.759904733202390922e-03
2.978978978978978898e+00 2.762106818077909517e-02 7.590107630662965010e-03
2.984984984984984990e+00 2.716560933103036660e-02 7.421639606125365017e-03
2.990990990990991083e+00 2.671241934195024356e-02 7.254517987455004306e-03
2.996996996996997176e+00 2.626156355189770975e-02 7.088760102517281496e-03
3.003003003003002824e+00 2.581310729923181474e-02 6.924383279177617756e-03
3.009009009009008917e+00 2.536711592231146242e-02 6.761404845301401297e-03
3.015015015015015010e+00 2.492365475949567116e-02 6.599842128754037675e-03
3.021021021021021102e+00 2.448278914914344198e-02 6.439712457400943724e-03
3.027027027027027195e+00 2.404458442961375855e-02 6.281033159107524133e-03
3.033033033033032844e+00 2.360910593926564618e-02 6.123821561739196603e-03
3.039039039039038936e+00 2.317641901645803651e-02 5.968094993161344140e-03
3.045045045045045029e+00 2.274658899954994790e-02 5.813870781239378373e-03
3.051051051051051122e+00 2.231968122690035708e-02 5.661166253838715266e-03
3.057057057057057214e+00 2.189576103686827202e-02 5.509998738824753439e-03
3.063063063063062863e+00 2.147489376781269721e-02 5.360385564062914929e-03
3.069069069069068956e+00 2.105714475809258857e-02 5.212344057418583608e-03
3.075075075075075048e+00 2.064257934606693670e-02 5.065891546757174575e-03
3.081081081081081141e+00 2.023126287009474958e-02 4.921045359944095990e-03
3.087087087087087234e+00 1.982326066853500740e-02 4.777822824844749940e-03
3.093093093093092882e+00 1.941863807974674241e-02 4.636241269324560196e-03
3.099099099099098975e+00 1.901746044208888278e-02 4.496318021248907164e-03
3.105105105105105068e+00 1.861979309392042953e-02 4.358070408483211144e-03
3.111111111111111160e+00 1.822570137360039408e-02 4.221515758892874226e-03
3.117117117117117253e+00 1.783525061948774970e-02 4.086671400343303701e-03
3.123123123123122902e+00 1.744850616994153211e-02 3.953554660699918136e-03
3.129129129129128994e+00 1.706553336332068335e-02 3.822182867828105308e-03
3.135135135135135087e+00 1.668639753798418363e-02 3.692573349593274244e-03
3.141141141141141180e+00 1.631116403229104783e-02 3.564743433860839174e-03
3.147147147147147273e+00 1.593989818460027352e-02 3.438710448496203054e-03
3.153153153153152921e+00 1.557266533327085825e-02 3.314491721364780548e-03
3.159159159159159014e+00 1.520953081666175793e-02 3.192104580331961167e-03
3.165165165165165106e+00 1.485055997313197707e-02 3.071566353263157842e-03
3.171171171171171199e+00 1.449581814104050105e-02 2.952894368023781333e-03
3.177177177177177292e+00 1.414537065874632918e-02 2.836105952479232861e-03
3.183183183183182940e+00 1.379928286460847635e-02 2.721218434494930994e-03
3.189189189189189033e+00 1.345762009698588633e-02 2.608249141936265676e-03
3.195195195195195126e+00 1.312044769423756016e-02 2.497215402668646802e-03
3.201201201201201219e+00 1.278783099472250231e-02 2.388134544557484699e-03
3.207207207207207311e+00 1.245983533679969127e-02 2.281023895468184924e-03
3.213213213213213404e+00 1.213652605882812978e-02 2.175900783266151734e-03
3.219219219219219053e+00 1.181796849916682407e-02 2.072782535816802829e-03
3.225225225225225145e+00 1.150422799617471965e-02 1.971686480985526853e-03
3.231231231231231238e+00 1.119536988821082275e-02 1.872629946637737386e-03
3.237237237237237331e+00 1.089145951363413613e-02 1.775630260638843020e-03
3.243243243243243423e+00 1.059256221080363825e-02 1.680704694173947369e-03
3.249249249249249072e+00 1.029874331807834921e-02 1.587864945101715884e-03
3.255255255255255165e+00 1.001006817381721106e-02 1.497112517352234716e-03
3.261261261261261257e+00 9.726602116379236967e-03 1.408447827060088772e-03
3.267267267267267350e+00 9.448410484123419273e-03 1.321871290359854286e-03
3.273273273273273443e+00 9.175558615408741653e-03 1.237383323386105540e-03
3.279279279279279091e+00 8.908111848594225946e-03 1.154984342273425706e-03
3.285285285285285184e+00 8.646135522038812457e-03 1.074674763156379309e-03
3.291291291291291277e+00 8.389694974101510883e-03 9.964550021695469176e-04
3.297297297297297369e+00 8.138855543141317039e-03 9.203254754475059590e-04
3.303303303303303462e+00 7.893682567517216336e-03 8.462865991248308233e-04
3.309309309309309111e+00 7.654241385588220203e-03 7.743387893361042490e-04
3.315315315315315203e+00 7.420597335713283692e-03 7.044824622158913025e-04
3.321321321321321296e+00 7.192815756251407823e-03 6.367180338987728791e-04
3.327327327327327389e+00 6.970961985561593618e-03 5.710459205193251040e-04
3.333333333333333481e+00 6.755101362002823018e-03 5.074665382121239937e-04
3.339339339339339130e+00 6.545299223934101379e-03 4.459803031117499559e-04
3.345345345345345223e+00 6.341620909714397632e-03 3.865876313527704419e-04
3.351351351351351315e+00 6.144131757702705858e-03 3.292889390697656426e-04
3.357357357357357408e+00 5.952897106258020141e-03 2.740846423973110325e-04
3.363363363363363501e+00 5.767982293739330225e-03 2.209751574699832244e-04
3.369369369369369149e+00 5.589452422331467503e-03 1.699609004223619484e-04
3.375375375375375242e+00 5.417362866265444145e-03 1.210422873890152793e-04
3.381381381381381335e+00 5.251756037129456413e-03 7.421973450452365190e-05
3.387387387387387427e+00 5.092673446641183925e-03 2.949365790346245253e-05
3.393393393393393520e+00 4.940156606518283748e-03 0.000000000000000000e+00
3.399399399399399169e+00 4.794247028478444174e-03 0.000000000000000000e+00
3.405405405405405261e+00 4.654986224239311861e-03 0.000000000000000000e+00
3.411411411411411354e+00 4.522415705518564692e-03 0.000000000000000000e+00
3.417417417417417447e+00 4.396576984033877082e-03 0.000000000000000000e+00
3.423423423423423539e+00 4.277511571502911301e-03 0.000000000000000000e+00
3.429429429429429188e+00 4.165260979643348703e-03 0.000000000000000000e+00
3.435435435435435281e+00 4.059866720172842884e-03 0.000000000000000000e+00
3.441441441441441373e+00 3.961370304809069993e-03 0.000000000000000000e+00
3.447447447447447466e+00 3.869813245269700108e-03 0.000000000000000000e+00
3.453453453453453559e+00 3.785237053272401571e-03 0.000000000000000000e+00
3.459459459459459651e+00 3.707683240534844892e-03 0.000000000000000000e+00
3.465465465465465300e+00 3.637193318774702751e-03 0.000000000000000000e+00
3.471471471471471393e+00 3.573808799709637420e-03 0.000000000000000000e+00
3.477477477477477485e+00 3.517571195057318974e-03 0.000000000000000000e+00
3.483483483483483578e+00 3.468522016535422262e-03 0.000000000000000000e+00
3.489489489489489671e+00 3.426702775861611722e-03 0.000000000000000000e+00
3.495495495495495319e+00 3.392154984753560903e-03 0.000000000000000000e+00
3.501501501501501412e+00 3.364920154928935109e-03 0.000000000000000000e+00
3.507507507507507505e+00 3.345039798105404853e-03 0.000000000000000000e+00
3.513513513513513598e+00 3.332555426000639778e-03 0.000000000000000000e+00
3.519519519519519690e+00 3.327508550332310393e-03 0.000000000000000000e+00
3.525525525525525339e+00 3.329940682818084176e-03 0.000000000000000000e+00
3.531531531531531432e+00 3.339893335175632937e-03 0.000000000000000000e+00
3.537537537537537524e+00 3.357408019122621982e-03 0.000000000000000000e+00
3.543543543543543617e+00 3.382526246376724426e-03 0.000000000000000000e+00
3.549549549549549710e+00 3.415289528655608177e-03 0.000000000000000000e+00
3.555555555555555358e+00 3.455739377676940276e-03 0.000000000000000000e+00
3.561561561561561451e+00 3.503917305158396438e-03 0.000000000000000000e+00
3.567567567567567544e+00 3.559864822817639367e-03 0.000000000000000000e+00
3.573573573573573636e+00 3.623623442372343913e-03 0.000000000000000000e+00
3.579579579579579729e+00 3.695234675540173645e-03 0.000000000000000000e+00
3.585585585585585378e+00 3.774740034038797341e-03 0.000000000000000000e+00
3.591591591591591470e+00 3.862181029585894619e-03 0.000000000000000000e+00
3.597597597597597563e+00 3.957599173899126015e-03 0.000000000000000000e+00
3.603603603603603656e+00 4.061035978696164207e-03 0.000000000000000000e+00
3.609609609609609748e+00 4.172532955694676672e-03 0.000000000000000000e+00
3.615615615615615397e+00 4.292131616612322211e-03 0.000000000000000000e+00
3.621621621621621490e+00 4.419873473166796053e-03 0.000000000000000000e+00
3.627627627627627582e+00 3.215959705131227718e-03 0.000000000000000000e+00
3.633633633633633675e+00 3.242007790320615684e-03 5.926114096056626899e-06
3.639639639639639768e+00 3.267942375243373509e-03 4.962781092120357714e-05
3.645645645645645416e+00 3.293747372045715931e-03 9.544387781654535140e-05
3.651651651651651509e+00 3.319406692873864192e-03 0.000000000000000000e+00
3.657657657657657602e+00 3.344904249874027825e-03 0.000000000000000000e+00
3.663663663663663694e+00 3.370223955192422002e-03 0.000000000000000000e+00
3.669669669669669787e+00 3.395349720975262761e-03 0.000000000000000000e+00
3.675675675675675436e+00 3.420265459368760069e-03 0.000000000000000000e+00
3.681681681681681528e+00 3.444955082519135167e-03 0.000000000000000000e+00
3.687687687687687621e+00 3.469402502572598457e-03 0.000000000000000000e+00
3.693693693693693714e+00 3.493591631675367279e-03 0.000000000000000000e+00
3.699699699699699806e+00 3.517506381973653333e-03 0.000000000000000000e+00
3.705705705705705455e+00 3.541130665613673092e-03 0.000000000000000000e+00
3.711711711711711548e+00 3.564448394741642160e-03 0.000000000000000000e+00
3.717717717717717640e+00 3.587443481503773107e-03 0.000000000000000000e+00
3.723723723723723733e+00 3.610099838046281102e-03 0.000000000000000000e+00
3.729729729729729826e+00 3.632401376515379150e-03 0.000000000000000000e+00
3.735735735735735918e+00 3.654332009057287192e-03 0.000000000000000000e+00
3.741741741741741567e+00 3.675875647818212157e-03 1.136265127625984507e-06
3.747747747747747660e+00 3.697016204944377025e-03 2.569011689513283158e-06
3.753753753753753752e+00 3.717737592581990026e-03 3.941960648610113693e-06
3.759759759759759845e+00 3.738023722877268935e-03 5.256013559138925162e-06
3.765765765765765938e+00 3.757858507976428054e-03 6.512071975322138028e-06
3.771771771771771586e+00 3.777225860025679952e-03 7.711037451382182919e-06
3.777777777777777679e+00 3.796109691171245006e-03 8.853811541541678503e-06
3.783783783783783772e+00 3.814493913559329277e-03 9.941295800023012210e-06
3.789789789789789864e+00 3.832362439336154444e-03 1.097439178104864685e-05
3.795795795795795957e+00 3.849699180647930038e-03 1.195400103884101137e-05
3.801801801801801606e+00 3.866488049640872098e-03 1.288102512762256687e-05
3.807807807807807698e+00 3.882712958461202301e-03 1.375636560161586936e-05
3.813813813813813791e+00 3.898357819255125409e-03 1.458092401504330879e-05
3.819819819819819884e+00 3.913406544168861363e-03 1.535560192212741067e-05
3.825825825825825977e+00 3.927843045348622733e-03 1.608130087709055649e-05
3.831831831831831625e+00 3.941651234940623388e-03 1.675892243415521754e-05
3.837837837837837718e+00 3.954815025091082403e-03 1.738936814754394643e-05
3.843843843843843811e+00 3.967318327946207576e-03 1.797353957147912972e-05
3.849849849849849903e+00 3.979145055652223185e-03 1.851233826018325565e-05
3.855855855855855996e+00 3.990279120355333560e-03 1.900666576787880566e-05
3.861861861861861644e+00 4.000704434201758641e-03 1.945742364878818328e-05
3.867867867867867737e+00 4.010404909337714902e-03 1.986551345713395806e-05
3.873873873873873830e+00 4.019364457909411006e-03 2.023183674713849623e-05
3.879879879879879923e+00 4.027566992063067765e-03 2.055729507302433347e-05
3.885885885885886015e+00 4.034996423944895577e-03 2.084278998901385973e-05
3.891891891891891664e+00 4.041636665701109181e-03 2.108922304932958359e-05
3.897897897897897757e+00 4.047471629477928518e-03 2.129749580819398648e-05
3.903903903903903849e+00 4.052485227421561385e-03 2.146850981982951936e-05
3.909909909909909942e+00 4.056661371678227726e-03 2.160316663845863319e-05
3.915915915915916035e+00 4.059983974394137940e-03 2.170236781830381281e-05
3.921921921921921683e+00 4.062436947715508499e-03 2.176701491358745834e-05
3.927927927927927776e+00 4.064004203788555876e-03 2.179800947853213257e-05
3.933933933933933869e+00 4.064669654759489603e-03 2.179625306736023561e-05
3.939939939939939961e+00 4.064417212774531357e-03 2.176264723429427602e-05
3.945945945945946054e+00 4.063230789979888936e-03 2.169809353355666749e-05
3.951951951951951703e+00 4.061094298521781415e-03 2.160349351936992536e-05
3.957957957957957795e+00 4.057991650546423530e-03 2.147974874595647007e-05
3.963963963963963888e+00 4.053906758200028285e-03 2.132776076753879326e-05
3.969969969969969981e+00 4.048823533628809548e-03 2.114843113833935942e-05
3.975975975975976073e+00 4.042725888978982926e-03 2.094266141258060597e-05
3.981981981981982166e+00 4.035597736396762288e-03 2.071135314448500756e-05
3.987987987987987815e+00 4.027422988028364972e-03 2.045540788827506260e-05
3.993993993993993907e+00 4.018185556020002248e-03 2.017572719817320171e-05
4.000000000000000000e+00 4.007869352517891455e-03 1.987321262840190296e-05
4.006006006006005649e+00 3.996458289668246462e-03 1.954876573318364101e-05
4.012012012012012185e+00 3.983936279617277670e-03 1.920328806674081600e-05
4.018018018018017834e+00 3.970287234511208491e-03 1.883768118329600763e-05
4.024024024024024371e+00 3.955495066496244987e-03 1.845284663707155845e-05
4.030030030030030019e+00 3.939543687718608835e-03 1.804968598229004137e-05
4.036036036036035668e+00 3.922417010324510435e-03 1.762910077317387009e-05
4.042042042042042205e+00 3.904098946460162357e-03 1.719199256394546169e-05
4.048048048048047853e+00 3.884573408271786710e-03 1.673926290882736198e-05
4.054054054054054390e+00 3.863824307905589558e-03 1.627181336204198126e-05
4.060060060060060039e+00 3.841835557507791276e-03 1.579054547781184842e-05
4.066066066066065687e+00 3.818591069224606602e-03 1.529636081035937038e-05
4.072072072072072224e+00 3.794074755202242900e-03 1.479016091390697097e-05
4.078078078078077873e+00 3.768270527586925749e-03 1.427284734267723668e-05
4.084084084084084409e+00 3.741162298524860347e-03 1.374532165089250327e-05
4.090090090090090058e+00 3.712733980162267501e-03 1.320848539277536739e-05
4.096096096096095707e+00 3.682969484645362383e-03 1.266324012254820714e-05
4.102102102102102243e+00 3.651852724120349322e-03 1.211048739443344131e-05
4.108108108108107892e+00 3.619367610733455632e-03 1.155112876265365975e-05
4.114114114114114429e+00 3.585498056630889111e-03 1.098606578143121347e-05
4.120120120120120077e+00 3.550227973958869701e-03 1.041620000498869743e-05
4.126126126126125726e+00 3.513541274863608670e-03 9.842432987548462627e-06
4.132132132132132263e+00 3.475421871491312514e-03 9.265666283332960024e-06
4.138138138138137911e+00 3.435853675988213320e-03 8.686801446564769324e-06
4.144144144144144448e+00 3.394820600500507608e-03 8.106740031466209346e-06
4.150150150150150097e+00 3.352306557174426598e-03 7.526383592259903841e-06
4.156156156156155745e+00 3.308295458156175484e-03 6.946633683168237697e-06
4.162162162162162282e+00 3.262771215591964667e-03 6.368391858413593259e-06
4.168168168168167931e+00 3.215717741628021029e-03 5.792559672218591739e-06
4.174174174174174468e+00 3.167118948410545427e-03 5.220038678805545179e-06
4.180180180180180116e+00 3.116958748085767780e-03 4.651730432397100199e-06
4.186186186186185765e+00 3.065221052799894149e-03 4.088536487215593407e-06
4.192192192192192302e+00 3.011889774699133635e-03 3.531358397483423243e-06
4.198198198198197950e+00 2.956948825929712685e-03 2.981097717423247762e-06
4.204204204204204487e+00 2.900382118637833458e-03 2.438656001257319715e-06
4.210210210210210136e+00 2.842173564969725872e-03 1.904934803208303511e-06
4.216216216216215784e+00 2.782307077071595122e-03 1.380835677498575356e-06
4.222222222222222321e+00 2.720766567089646839e-03 8.672601783505401470e-07
4.228228228228227970e+00 2.657535947170116576e-03 3.651098599867588502e-07
4.234234234234234506e+00 2.592599129459199122e-03 0.000000000000000000e+00
4.240240240240240155e+00 2.525940026103126561e-03 0.000000000000000000e+00
4.246246246246245803e+00 2.457542549248106691e-03 0.000000000000000000e+00
4.252252252252252340e+00 2.387390611040339505e-03 0.000000000000000000e+00
4.258258258258257989e+00 0.000000000000000000e+00 0.000000000000000000e+00
4.264264264264264526e+00 0.000000000000000000e+00 0.000000000000000000e+00
4.270270270270270174e+00 0.000000000000000000e+00 0.000000000000000000e+00
4.276276276276275823e+00 0.000000000000000000e+00 0.000000000000000000e+00
4.282282282282282360e+00 0.000000000000000000e+00 0.000000000000000000e+00
4.288288288288288008e+00 0.000000000000000000e+00 0.000000000000000000e+00
4.294294294294294545e+00 0.000000000000000000e+00 0.000000000000000000e+00
4.300300300300300194e+00 0.000000000000000000e+00 0.000000000000000000e+00
4.306306306306305842e+00 0.000000000000000000e+00 0.000000000000000000e+00
4.312312312312312379e+00 0.000000000000000000e+00 0.000000000000000000e+00
4.318318318318318028e+00 0.000000000000000000e+00 0.000000000000000000e+00
4.324324324324324564e+00 0.000000000000000000e+00 0.000000000000000000e+00
4.330330330330330213e+00 0.000000000000000000e+00 0.000000000000000000e+00
4.336336336336335862e+00 0.000000000000000000e+00 0.000000000000000000e+00
4.342342342342342398e+00 0.000000000000000000e+00 0.000000000000000000e+00
4.348348348348348047e+00 0.000000000000000000e+00 0.000000000000000000e+00
4.354354354354354584e+00 0.000000000000000000e+00 0.000000000000000000e+00
4.360360360360360232e+00 0.000000000000000000e+00 0.000000000000000000e+00
4.366366366366366769e+00 0.000000000000000000e+00 0.000000000000000000e+00
4.372372372372372418e+00 0.000000000000000000e+00 0.000000000000000000e+00
4.378378378378378066e+00 0.000000000000000000e+00 0.000000000000000000e+00
4.384384384384384603e+00 0.000000000000000000e+00 0.000000000000000000e+00
4.390390390390390252e+00 0.000000000000000000e+00 0.000000000000000000e+00
4.396396396396396788e+00 0.000000000000000000e+00 0.000000000000000000e+00
4.402402402402402437e+00 0.000000000000000000e+00 0.000000000000000000e+00
4.408408408408408086e+00 0.000000000000000000e+00 0.000000000000000000e+00
4.414414414414414622e+00 0.000000000000000000e+00 0.000000000000000000e+00
4.420420420420420271e+00 0.000000000000000000e+00 0.000000000000000000e+00
4.426426426426426808e+00 0.000000000000000000e+00 0.000000000000000000e+00
4.432432432432432456e+00 0.000000000000000000e+00 0.000000000000000000e+00
4.438438438438438105e+00 0.000000000000000000e+00 0.000000000000000000e+00
4.444444444444444642e+00 0.000000000000000000e+00 0.000000000000000000e+00
4.450450450450450290e+00 0.000000000000000000e+00 0.000000000000000000e+00
4.456456456456456827e+00 0.000000000000000000e+00 0.000000000000000000e+00
4.462462462462462476e+00 0.000000000000000000e+00 0.000000000000000000e+00
4.468468468468468124e+00 0.000000000000000000e+00 0.000000000000000000e+00
4.474474474474474661e+00 0.000000000000000000e+00 7.401081217154685485e-07
4.480480480480480310e+00 0.000000000000000000e+00 1.531918859174163115e-06
4.486486486486486847e+00 0.000000000000000000e+00 2.373921608983201833e-06
4.492492492492492495e+00 0.000000000000000000e+00 3.267017925364747559e-06
4.498498498498498144e+00 0.000000000000000000e+00 4.212109362541423199e-06
4.504504504504504681e+00 0.000000000000000000e+00 5.210097474735830481e-06
4.510510510510510329e+00 0.000000000000000000e+00 6.261883816170130675e-06
4.516516516516516866e+00 0.000000000000000000e+00 7.368369941067108469e-06
4.522522522522522515e+00 0.000000000000000000e+00 8.530457403648909040e-06
4.528528528528528163e+00 0.000000000000000000e+00 9.749047758138136658e-06
4.534534534534534700e+00 0.000000000000000000e+00 1.102504255875746251e-05
4.540540540540540349e+00 0.000000000000000000e+00 1.235934335972897840e-05
4.546546546546546885e+00 0.000000000000000000e+00 1.375285171527553848e-05
4.552552552552552534e+00 0.000000000000000000e+00 1.520646917961919222e-05
4.558558558558558182e+00 0.000000000000000000e+00 1.672109730698261249e-05
4.564564564564564719e+00 0.000000000000000000e+00 1.829763765158848063e-05
4.570570570570570368e+00 0.000000000000000000e+00 1.993699176765880885e-05
4.576576576576576905e+00 0.000000000000000000e+00 2.164006120941657665e-05
4.582582582582582553e+00 0.000000000000000000e+00 2.340774753108369288e-05
4.588588588588588202e+00 0.000000000000000000e+00 2.524095228688288972e-05
4.594594594594594739e+00 0.000000000000000000e+00 2.714057703103693321e-05
4.600600600600600387e+00 0.000000000000000000e+00 2.910752331776771866e-05
4.606606606606606924e+00 0.000000000000000000e+00 3.114269270129828656e-05
4.612612612612612573e+00 0.000000000000000000e+00 3.324698673585048479e-05
4.618618618618618221e+00 0.000000000000000000e+00 3.542130697564710987e-05
4.624624624624624758e+00 0.000000000000000000e+00 3.766655497491090416e-05
4.630630630630630407e+00 0.000000000000000000e+00 3.998363228786372230e-05
4.636636636636636943e+00 0.000000000000000000e+00 4.237344046872871319e-05
4.642642642642642592e+00 0.000000000000000000e+00 4.483688107172764339e-05
4.648648648648648241e+00 0.000000000000000000e+00 4.737485565108326879e-05
4.654654654654654777e+00 0.000000000000000000e+00 4.998826576101847403e-05
4.660660660660660426e+00 0.000000000000000000e+00 5.267801295575496467e-05
4.666666666666666963e+00 0.000000000000000000e+00 5.544499878951601160e-05
4.672672672672672611e+00 0.000000000000000000e+00 5.829012481652322552e-05
4.678678678678678260e+00 0.000000000000000000e+00 6.121429259099951138e-05
4.684684684684684797e+00 0.000000000000000000e+00 6.421840366716775384e-05
4.690690690690690445e+00 0.000000000000000000e+00 6.730335959924952293e-05
4.696696696696696982e+00 0.000000000000000000e+00 7.047006194146825217e-05
4.702702702702702631e+00 0.000000000000000000e+00 7.371941224804538285e-05
4.708708708708708279e+00 0.000000000000000000e+00 7.705231207320388769e-05
4.714714714714714816e+00 0.000000000000000000e+00 8.046966297116676654e-05
4.720720720720720465e+00 0.000000000000000000e+00 8.397236649615543358e-05
4.726726726726727001e+00 0.000000000000000000e+00 8.756132420239343074e-05
4.732732732732732650e+00 0.000000000000000000e+00 0.000000000000000000e+00
4.738738738738738299e+00 0.000000000000000000e+00 0.000000000000000000e+00
4.744744744744744835e+00 0.000000000000000000e+00 0.000000000000000000e+00
4.750750750750750484e+00 0.000000000000000000e+00 0.000000000000000000e+00
4.756756756756757021e+00 0.000000000000000000e+00 0.000000000000000000e+00
4.762762762762762669e+00 0.000000000000000000e+00 0.000000000000000000e+00
4.768768768768768318e+00 0.000000000000000000e+00 0.000000000000000000e+00
4.774774774774774855e+00 0.000000000000000000e+00 0.000000000000000000e+00
4.780780780780780503e+00 0.000000000000000000e+00 0.000000000000000000e+00
4.786786786786787040e+00 0.000000000000000000e+00 0.000000000000000000e+00
4.792792792792792689e+00 0.000000000000000000e+00 0.000000000000000000e+00
4.798798798798798337e+00 0.000000000000000000e+00 0.000000000000000000e+00
4.804804804804804874e+00 0.000000000000000000e+00 0.000000000000000000e+00
4.810810810810810523e+00 0.000000000000000000e+00 0.000000000000000000e+00
4.816816816816817060e+00 0.000000000000000000e+00 0.000000000000000000e+00
4.822822822822822708e+00 0.000000000000000000e+00 0.000000000000000000e+00
4.828828828828828357e+00 0.000000000000000000e+00 0.000000000000000000e+00
4.834834834834834894e+00 0.000000000000000000e+00 0.000000000000000000e+00
4.840840840840840542e+00 0.000000000000000000e+00 0.000000000000000000e+00
4.846846846846847079e+00 0.000000000000000000e+00 0.000000000000000000e+00
4.852852852852852727e+00 0.000000000000000000e+00 0.000000000000000000e+00
4.858858858858858376e+00 0.000000000000000000e+00 0.000000000000000000e+00
4.864864864864864913e+00 0.000000000000000000e+00 0.000000000000000000e+00
4.870870870870870561e+00 0.000000000000000000e+00 0.000000000000000000e+00
4.876876876876877098e+00 0.000000000000000000e+00 0.000000000000000000e+00
4.882882882882882747e+00 0.000000000000000000e+00 0.000000000000000000e+00
4.888888888888889284e+00 0.000000000000000000e+00 0.000000000000000000e+00
4.894894894894894932e+00 0.000000000000000000e+00 0.000000000000000000e+00
4.900900900900900581e+00 0.000000000000000000e+00 0.000000000000000000e+00
4.906906906906907118e+00 0.000000000000000000e+00 0.000000000000000000e+00
4.912912912912912766e+00 0.000000000000000000e+00 0.000000000000000000e+00
4.918918918918919303e+00 0.000000000000000000e+00 0.000000000000000000e+00
4.924924924924924952e+00 0.000000000000000000e+00 0.000000000000000000e+00
4.930930930930930600e+00 0.000000000000000000e+00 0.000000000000000000e+00
4.936936936936937137e+00 0.000000000000000000e+00 0.000000000000000000e+00
4.942942942942942786e+00 0.000000000000000000e+00 0.000000000000000000e+00
4.948948948948949322e+00 0.000000000000000000e+00 0.000000000000000000e+00
4.954954954954954971e+00 0.000000000000000000e+00 0.000000000000000000e+00
4.960960960960960620e+00 0.000000000000000000e+00 0.000000000000000000e+00
4.966966966966967156e+00 0.000000000000000000e+00 0.000000000000000000e+00
4.972972972972972805e+00 0.000000000000000000e+00 0.000000000000000000e+00
4.978978978978979342e+00 0.000000000000000000e+00 0.000000000000000000e+00
4.984984984984984990e+00 0.000000000000000000e+00 0.000000000000000000e+00
4.990990990990990639e+00 0.000000000000000000e+00 0.000000000000000000e+00
4.996996996996997176e+00 0.000000000000000000e+00 0.000000000000000000e+00
5.003003003003002824e+00 0.000000000000000000e+00 0.000000000000000000e+00
5.009009009009009361e+00 0.000000000000000000e+00 0.000000000000000000e+00
5.015015015015015010e+00 0.000000000000000000e+00 0.000000000000000000e+00
5.021021021021020658e+00 0.000000000000000000e+00 0.000000000000000000e+00
5.027027027027027195e+00 0.000000000000000000e+00 0.000000000000000000e+00
5.033033033033032844e+00 0.000000000000000000e+00 0.000000000000000000e+00
5.039039039039039380e+00 0.000000000000000000e+00 0.000000000000000000e+00
5.045045045045045029e+00 0.000000000000000000e+00 0.000000000000000000e+00
5.051051051051050678e+00 0.000000000000000000e+00 0.000000000000000000e+00
5.057057057057057214e+00 0.000000000000000000e+00 0.000000000000000000e+00
5.063063063063062863e+00 0.000000000000000000e+00 0.000000000000000000e+00
5.069069069069069400e+00 0.000000000000000000e+00 0.000000000000000000e+00
5.075075075075075048e+00 0.000000000000000000e+00 0.000000000000000000e+00
5.081081081081080697e+00 0.000000000000000000e+00 0.000000000000000000e+00
5.087087087087087234e+00 0.000000000000000000e+00 0.000000000000000000e+00
5.093093093093092882e+00 0.000000000000000000e+00 0.000000000000000000e+00
5.099099099099099419e+00 0.000000000000000000e+00 0.000000000000000000e+00
5.105105105105105068e+00 0.000000000000000000e+00 0.000000000000000000e+00
5.111111111111110716e+00 0.000000000000000000e+00 0.000000000000000000e+00
5.117117117117117253e+00 0.000000000000000000e+00 0.000000000000000000e+00
5.123123123123122902e+00 0.000000000000000000e+00 0.000000000000000000e+00
5.129129129129129439e+00 0.000000000000000000e+00 0.000000000000000000e+00
5.135135135135135087e+00 0.000000000000000000e+00 0.000000000000000000e+00
5.141141141141140736e+00 0.000000000000000000e+00 0.000000000000000000e+00
5.147147147147147273e+00 0.000000000000000000e+00 0.000000000000000000e+00
5.153153153153152921e+00 0.000000000000000000e+00 0.000000000000000000e+00
5.159159159159159458e+00 0.000000000000000000e+00 0.000000000000000000e+00
5.165165165165165106e+00 0.000000000000000000e+00 0.000000000000000000e+00
5.171171171171170755e+00 0.000000000000000000e+00 0.000000000000000000e+00
5.177177177177177292e+00 0.000000000000000000e+00 0.000000000000000000e+00
5.183183183183182940e+00 0.000000000000000000e+00 0.000000000000000000e+00
5.189189189189189477e+00 0.000000000000000000e+00 0.000000000000000000e+00
5.195195195195195126e+00 0.000000000000000000e+00 0.000000000000000000e+00
5.201201201201200774e+00 0.000000000000000000e+00 0.000000000000000000e+00
5.207207207207207311e+00 0.000000000000000000e+00 0.000000000000000000e+00
5.213213213213212960e+00 0.000000000000000000e+00 0.000000000000000000e+00
5.219219219219219497e+00 0.000000000000000000e+00 0.000000000000000000e+00
5.225225225225225145e+00 0.000000000000000000e+00 0.000000000000000000e+00
5.231231231231230794e+00 0.000000000000000000e+00 0.000000000000000000e+00
5.237237237237237331e+00 0.000000000000000000e+00 0.000000000000000000e+00
5.243243243243242979e+00 0.000000000000000000e+00 0.000000000000000000e+00
5.249249249249249516e+00 0.000000000000000000e+00 0.000000000000000000e+00
5.255255255255255165e+00 0.000000000000000000e+00 0.000000000000000000e+00
5.261261261261260813e+00 0.000000000000000000e+00 0.000000000000000000e+00
5.267267267267267350e+00 0.000000000000000000e+00 0.000000000000000000e+00
5.273273273273272999e+00 0.000000000000000000e+00 0.000000000000000000e+00
5.279279279279279535e+00 0.000000000000000000e+00 0.000000000000000000e+00
5.285285285285285184e+00 0.000000000000000000e+00 0.000000000000000000e+00
5.291291291291290833e+00 0.000000000000000000e+00 0.000000000000000000e+00
5.297297297297297369e+00 0.000000000000000000e+00 0.000000000000000000e+00
5.303303303303303018e+00 0.000000000000000000e+00 0.000000000000000000e+00
5.309309309309309555e+00 0.000000000000000000e+00 0.000000000000000000e+00
5.315315315315315203e+00 0.000000000000000000e+00 0.000000000000000000e+00
5.321321321321320852e+00 0.000000000000000000e+00 0.000000000000000000e+00
5.327327327327327389e+00 0.000000000000000000e+00 0.000000000000000000e+00
5.333333333333333037e+00 0.000000000000000000e+00 0.000000000000000000e+00
5.339339339339339574e+00 0.000000000000000000e+00 0.000000000000000000e+00
5.345345345345345223e+00 0.000000000000000000e+00 0.000000000000000000e+00
5.351351351351350871e+00 0.000000000000000000e+00 0.000000000000000000e+00
5.357357357357357408e+00 0.000000000000000000e+00 0.000000000000000000e+00
5.363363363363363057e+00 0.000000000000000000e+00 0.000000000000000000e+00
5.369369369369369593e+00 0.000000000000000000e+00 0.000000000000000000e+00
5.375375375375375242e+00 0.000000000000000000e+00 0.000000000000000000e+00
5.381381381381380891e+00 0.000000000000000000e+00 0.000000000000000000e+00
5.387387387387387427e+00 0.000000000000000000e+00 0.000000000000000000e+00
5.393393393393393076e+00 0.000000000000000000e+00 0.000000000000000000e+00
5.399399399399399613e+00 0.000000000000000000e+00 0.000000000000000000e+00
5.405405405405405261e+00 0.000000000000000000e+00 0.000000000000000000e+00
5.411411411411411798e+00 0.000000000000000000e+00 0.000000000000000000e+00
5.417417417417417447e+00 0.000000000000000000e+00 0.000000000000000000e+00
5.423423423423423095e+00 0.000000000000000000e+00 0.000000000000000000e+00
5.429429429429429632e+00 0.000000000000000000e+00 0.000000000000000000e+00
5.435435435435435281e+00 0.000000000000000000e+00 0.000000000000000000e+00
5.441441441441441818e+00 0.000000000000000000e+00 0.000000000000000000e+00
5.447447447447447466e+00 0.000000000000000000e+00 0.000000000000000000e+00
5.453453453453453115e+00 0.000000000000000000e+00 0.000000000000000000e+00
5.459459459459459651e+00 0.000000000000000000e+00 0.000000000000000000e+00
5.465465465465465300e+00 0.000000000000000000e+00 0.000000000000000000e+00
5.471471471471471837e+00 0.000000000000000000e+00 0.000000000000000000e+00
5.477477477477477485e+00 0.000000000000000000e+00 0.000000000000000000e+00
5.483483483483483134e+00 0.000000000000000000e+00 0.000000000000000000e+00
5.489489489489489671e+00 0.000000000000000000e+00 0.000000000000000000e+00
5.495495495495495319e+00 0.000000000000000000e+00 0.000000000000000000e+00
5.501501501501501856e+00 0.000000000000000000e+00 0.000000000000000000e+00
5.507507507507507505e+00 0.000000000000000000e+00 0.000000000000000000e+00
5.513513513513513153e+00 0.000000000000000000e+00 0.000000000000000000e+00
5.519519519519519690e+00 0.000000000000000000e+00 0.000000000000000000e+00
5.525525525525525339e+00 0.000000000000000000e+00 0.000000000000000000e+00
5.531531531531531876e+00 0.000000000000000000e+00 0.000000000000000000e+00
5.537537537537537524e+00 0.000000000000000000e+00 0.000000000000000000e+00
5.543543543543543173e+00 0.000000000000000000e+00 0.000000000000000000e+00
5.549549549549549710e+00 0.000000000000000000e+00 0.000000000000000000e+00
5.555555555555555358e+00 0.000000000000000000e+00 0.000000000000000000e+00
5.561561561561561895e+00 0.000000000000000000e+00 0.000000000000000000e+00
5.567567567567567544e+00 0.000000000000000000e+00 0.000000000000000000e+00
5.573573573573573192e+00 0.000000000000000000e+00 0.000000000000000000e+00
5.579579579579579729e+00 0.000000000000000000e+00 0.000000000000000000e+00
5.585585585585585378e+00 0.000000000000000000e+00 0.000000000000000000e+00
5.591591591591591914e+00 0.000000000000000000e+00 0.000000000000000000e+00
5.597597597597597563e+00 0.000000000000000000e+00 0.000000000000000000e+00
5.603603603603603212e+00 0.000000000000000000e+00 0.000000000000000000e+00
5.609609609609609748e+00 0.000000000000000000e+00 0.000000000000000000e+00
5.615615615615615397e+00 0.000000000000000000e+00 0.000000000000000000e+00
5.621621621621621934e+00 0.000000000000000000e+00 0.000000000000000000e+00
5.627627627627627582e+00 0.000000000000000000e+00 0.000000000000000000e+00
5.633633633633633231e+00 0.000000000000000000e+00 0.000000000000000000e+00
5.639639639639639768e+00 0.000000000000000000e+00 0.000000000000000000e+00
5.645645645645645416e+00 0.000000000000000000e+00 0.000000000000000000e+00
5.651651651651651953e+00 0.000000000000000000e+00 0.000000000000000000e+00
5.657657657657657602e+00 0.000000000000000000e+00 0.000000000000000000e+00
5.663663663663663250e+00 0.000000000000000000e+00 0.000000000000000000e+00
5.669669669669669787e+00 0.000000000000000000e+00 0.000000000000000000e+00
5.675675675675675436e+00 0.000000000000000000e+00 0.000000000000000000e+00
5.681681681681681972e+00 0.000000000000000000e+00 0.000000000000000000e+00
5.687687687687687621e+00 0.000000000000000000e+00 0.000000000000000000e+00
5.693693693693693270e+00 0.000000000000000000e+00 0.000000000000000000e+00
5.699699699699699806e+00 0.000000000000000000e+00 0.000000000000000000e+00
5.705705705705705455e+00 0.000000000000000000e+00 0.000000000000000000e+00
5.711711711711711992e+00 0.000000000000000000e+00 0.000000000000000000e+00
5.717717717717717640e+00 0.000000000000000000e+00 0.000000000000000000e+00
5.723723723723723289e+00 0.000000000000000000e+00 0.000000000000000000e+00
5.729729729729729826e+00 0.000000000000000000e+00 0.000000000000000000e+00
5.735735735735735474e+00 0.000000000000000000e+00 0.000000000000000000e+00
5.741741741741742011e+00 0.000000000000000000e+00 0.000000000000000000e+00
5.747747747747747660e+00 0.000000000000000000e+00 0.000000000000000000e+00
5.753753753753753308e+00 0.000000000000000000e+00 0.000000000000000000e+00
5.759759759759759845e+00 0.000000000000000000e+00 0.000000000000000000e+00
5.765765765765765494e+00 0.000000000000000000e+00 0.000000000000000000e+00
5.771771771771772030e+00 0.000000000000000000e+00 0.000000000000000000e+00
5.777777777777777679e+00 0.000000000000000000e+00 0.000000000000000000e+00
5.783783783783783328e+00 0.000000000000000000e+00 0.000000000000000000e+00
5.789789789789789864e+00 0.000000000000000000e+00 0.000000000000000000e+00
5.795795795795795513e+00 0.000000000000000000e+00 0.000000000000000000e+00
5.801801801801802050e+00 0.000000000000000000e+00 0.000000000000000000e+00
5.807807807807807698e+00 0.000000000000000000e+00 0.000000000000000000e+00
5.813813813813813347e+00 0.000000000000000000e+00 0.000000000000000000e+00
5.819819819819819884e+00 0.000000000000000000e+00 0.000000000000000000e+00
5.825825825825825532e+00 0.000000000000000000e+00 0.000000000000000000e+00
5.831831831831832069e+00 0.000000000000000000e+00 0.000000000000000000e+00
5.837837837837837718e+00 0.000000000000000000e+00 0.000000000000000000e+00
5.843843843843843366e+00 0.000000000000000000e+00 0.000000000000000000e+00
5.849849849849849903e+00 0.000000000000000000e+00 0.000000000000000000e+00
5.855855855855855552e+00 0.000000000000000000e+00 0.000000000000000000e+00
5.861861861861862089e+00 0.000000000000000000e+00 0.000000000000000000e+00
5.867867867867867737e+00 0.000000000000000000e+00 0.000000000000000000e+00
5.873873873873873386e+00 0.000000000000000000e+00 0.000000000000000000e+00
5.879879879879879923e+00 0.000000000000000000e+00 0.000000000000000000e+00
5.885885885885885571e+00 0.000000000000000000e+00 0.000000000000000000e+00
5.891891891891892108e+00 0.000000000000000000e+00 0.000000000000000000e+00
5.897897897897897757e+00 0.000000000000000000e+00 0.000000000000000000e+00
5.903903903903904293e+00 0.000000000000000000e+00 0.000000000000000000e+00
5.909909909909909942e+00 0.000000000000000000e+00 0.000000000000000000e+00
5.915915915915915591e+00 0.000000000000000000e+00 0.000000000000000000e+00
5.921921921921922127e+00 0.000000000000000000e+00 0.000000000000000000e+00
5.927927927927927776e+00 0.000000000000000000e+00 0.000000000000000000e+00
5.933933933933934313e+00 0.000000000000000000e+00 0.000000000000000000e+00
5.939939939939939961e+00 0.000000000000000000e+00 0.000000000000000000e+00
5.945945945945945610e+00 0.000000000000000000e+00 0.000000000000000000e+00
5.951951951951952147e+00 0.000000000000000000e+00 0.000000000000000000e+00
5.957957957957957795e+00 0.000000000000000000e+00 0.000000000000000000e+00
5.963963963963964332e+00 0.000000000000000000e+00 0.000000000000000000e+00
5.969969969969969981e+00 0.000000000000000000e+00 0.000000000000000000e+00
5.975975975975975629e+00 0.000000000000000000e+00 0.000000000000000000e+00
5.981981981981982166e+00 0.000000000000000000e+00 0.000000000000000000e+00
5.987987987987987815e+00 0.000000000000000000e+00 0.000000000000000000e+00
5.993993993993994351e+00 0.000000000000000000e+00 0.000000000000000000e+00
6.000000000000000000e+00 0.000000000000000000e+00 0.000000000000000000e+00
